8.677561
5.185425
6.975679
9.809168
10.922983
5.0397344
6.211314
7.9121733
9.61415
7.2415686
8.793547
6.2927413
11.60037
5.3718395
7.7696767
7.432055
6.352855
7.204124
5.9877987
7.869415
7.329374
10.68248
5.560712
6.1850095
6.2291484
6.2947226
15.462039
6.481329
6.2907925
4.3960633
1.9380404
10.072816
5.8945456
9.654858
8.043171
10.907013
6.662295
5.0557966
6.512826
5.9391975
4.958166
13.957787
8.64726
7.275156
8.392881
4.4885964
6.0323615
4.9318547
7.1665254
9.495399
6.4440374
5.7148757
5.7167964
7.3298
5.4034367
5.467172
4.1905494
8.721838
9.002831
19.899315
7.1351504
8.338319
5.5405602
5.190567
5.5056095
6.4453993
6.128715
7.137221
6.2453213
3.7781749
17.165895
6.4496183
6.9311733
7.3563175
3.7373517
10.465684
5.647144
9.198281
5.6763797
7.186036
8.32549
9.965894
7.004423
7.3986335
6.7781544
8.001074
6.5700765
6.875879
7.113524
7.446652
5.510176
5.460956
3.6500747
8.545664
10.988905
9.523096
11.4288645
6.3550653
6.7474194
6.6131554
8.032592
15.830295
3.7710302
5.9412737
7.2247
12.416916
4.4403315
10.518705
6.45343
6.086516
7.202419
6.243853
4.654876
14.942957
5.724157
19.359423
5.833064
7.826984
4.502231
5.119841
5.96871
30.725828
7.620689
5.4644327
5.185435
9.026352
4.37639
11.166352
5.9667583
6.2992268
9.210022
5.654356
4.2832694
9.999443
6.0164394
12.336724
9.001976
5.567847
7.389506
7.1912093
5.1362553
9.794138
4.302035
6.7209597
8.809873
7.027745
14.999419
9.29593
5.345366
9.490785
5.5008645
8.228658
3.874462
4.79875
6.047366
6.6559644
13.168757
6.199415
5.3491316
5.366495
6.646297
9.528164
3.579734
6.2835507
9.652146
7.3397093
4.8681707
16.380165
9.570532
6.27042
4.33522
7.195858
7.7261195
8.112438
7.492326
4.0468516
5.275794
4.743424
5.491485
4.5645823
6.6173296
4.9749646
12.477439
7.3481755
7.163135
4.5078764
7.422998
8.577117
9.467355
4.6346865
7.495489
6.66337
2.5949888
9.414342
4.5157175
4.655106
7.407092
7.382026
6.387983
5.6203465
4.9550967
5.761518
17.670704
10.176716
4.588153
18.272768
5.5134234
5.0815163
5.7709427
6.032752
4.8199544
12.447427
5.7701416
11.428049
11.069462
8.168196
6.0836234
8.676649
5.547348
7.8587255
6.435431
7.1324387
4.6156626
11.079512
24.56045
6.418918
18.657133
6.2556562
10.421035
5.6648855
19.403221
6.6547275
9.323335
14.021554
10.494843
16.705233
4.4644995
7.33079
7.2474403
1.5951402
8.726942
6.631342
19.282484
8.6730175
7.9323645
5.8140984
4.4098372
4.3059173
7.983485
4.9924135
6.453542
5.051171
5.3893604
7.4805245
3.2782238
9.868495
7.4125504
12.660792
6.0046444
11.38444
5.7420545
7.2470455
5.050295
6.6161404
4.370903
3.3393695
4.1539483
4.687274
8.28981
11.867628
11.209692
4.627396
4.9817095
4.492691
3.1958563
21.756739
5.1275797
6.213364
5.3658304
6.9503865
13.7859335
6.6922145
5.86193
7.925881
5.8169904
8.049733
7.3374305
4.697574
4.599403
18.63244
6.502306
6.204496
5.401712
4.945951
6.7584
3.4449203
6.8555894
4.051758
6.27883
7.8364453
5.6345696
6.767085
6.116802
9.972533
6.688403
12.963725
7.1599793
6.516998
5.203673
6.53556
5.9720902
5.9920197
9.302046
3.4357555
5.206397
8.274933
5.836962
7.6698203
5.3585277
7.7782598
7.4068236
7.0261645
5.381985
8.384094
6.0164905
6.295089
4.8141055
10.056296
11.896059
5.8729277
6.0036445
8.110789
7.462593
5.7420897
10.547641
12.134634
10.657976
7.0398912
5.591795
8.193497
6.438677
5.795646
7.1575437
6.732998
3.502426
6.2678266
5.715358
6.028583
7.4167886
8.5952215
8.572636
4.890181
7.4425917
8.058542
9.919753
18.493721
5.991445
9.183018
6.480293
6.303437
13.79178
5.3409986
4.8406377
6.248898
7.0859723
8.00783
9.394488
6.306254
5.2550626
10.695747
11.996591
3.5056262
4.005781
6.9824495
22.311357
6.418363
6.664229
14.796419
5.6424747
10.100756
6.8637786
24.650429
6.2681675
4.6943946
6.338938
5.76622
6.125011
6.490145
5.540517
5.674288
10.021094
5.399821
12.613036
7.600408
9.060076
5.111546
6.5161185
6.1589727
8.725967
5.494499
6.970101
6.6747184
5.395273
7.1890306
6.3518
7.161876
8.707774
5.73004
7.389575
4.518457
5.1655884
5.6749754
8.108921
10.373634
6.407122
5.4969134
7.4213486
3.7454228
5.01238
10.413796
7.807851
9.564973
5.168045
5.471014
6.39821
2.390082
10.342803
6.7142344
4.2669625
7.08533
4.4264846
6.2295017
4.656105
6.9322095
6.1523466
10.333649
7.103045
8.249885
10.206842
5.640913
6.7420993
11.283045
7.009716
8.190177
5.936175
7.2911
10.186329
5.88264
8.617142
7.482017
7.4923906
5.9750247
8.93693
11.944838
7.560099
8.175255
7.5256925
4.7773128
3.4286969
3.8109143
6.244645
11.672188
5.4456587
3.2334328
7.9722366
7.341538
6.447834
8.944342
4.9591856
11.502592
4.8974915
5.4910374
11.912149
19.088219
11.04275
6.8572497
5.852587
10.187121
6.1640306
4.5627246
8.814252
8.388913
5.320665
10.297848
4.245901
5.666992
3.1776464
5.3903866
4.0013976
5.688949
8.189258
8.428995
5.1402335
4.5705266
6.0667353
10.074218
8.01681
7.4285026
17.54797
6.7313285
14.476227
4.8659053
6.8418202
12.517186
10.517785
3.941845
9.036658
6.193196
3.5560784
7.054991
7.962806
9.412891
13.070537
9.042777
8.516518
6.9331355
8.244316
8.522112
8.859552
6.546116
2.7857187
4.8905034
7.670309
7.0691347
7.7978783
6.3586793
10.574984
5.7754188
16.586191
8.352949
8.135149
10.033872
6.489181
3.4819071
7.654029
4.61548
12.184889
4.683874
6.9105496
8.921543
6.1240373
8.048735
7.713841
4.874772
5.02226
10.97923
5.981277
12.547219
5.7904077
4.0332627
7.6222034
7.5213375
11.137487
5.043976
8.661425
7.3581424
8.875023
10.948475
5.326364
5.3352256
8.576207
5.537118
5.135094
3.7453742
6.0283866
11.129926
5.6668773
7.21275
5.2170877
10.319743
11.949267
6.0569057
8.381496
6.070765
6.1401405
5.7068253
4.735079
6.127059
5.1705046
6.6770053
3.9001732
7.07072
8.826245
7.6199775
5.751658
6.396057
6.1017947
6.1521573
12.811491
6.6295967
5.9298716
7.1055875
3.281767
6.251259
7.669601
8.576889
5.7630205
7.168473
6.9630437
7.397031
7.7653317
7.1454782
7.5361533
7.8359566
4.105873
3.9066937
5.3804946
7.3221593
3.6807353
7.579536
5.2117095
4.853964
4.56551
4.9274454
5.205068
18.832363
3.655766
6.2489223
5.5533643
9.541037
8.3720875
5.26792
6.307841
4.0358872
11.017901
8.389977
6.326204
10.953031
8.809836
14.358101
12.633172
8.357015
9.96739
4.4719977
6.397729
6.061946
8.472521
8.885621
15.08668
5.361869
5.710851
7.874208
7.288623
4.710672
15.495042
6.3256087
4.868519
6.5133457
8.672698
6.5730987
3.99093
5.4572697
12.086488
4.5364113
13.0112
4.509338
5.6419373
4.859072
11.8615265
8.3609915
4.7593904
16.106718
10.250961
4.5733075
7.470908
7.010852
5.7134805
8.993686
8.715636
5.4127645
5.20906
9.33548
5.035199
5.473557
9.436823
6.263541
5.9549274
9.944312
7.754713
7.709424
6.1283226
7.526239
6.0944724
5.520418
8.410249
4.158917
5.6764994
7.655112
5.2222786
6.1690135
6.721285
4.416032
8.168417
3.8169951
9.32334
5.8113537
4.4345727
5.999187
5.329084
6.8484354
12.858521
6.637714
6.4820757
6.9976506
8.289407
5.926164
5.6093693
8.91092
5.304968
4.5525756
6.4855566
8.003509
5.07572
8.297101
4.2648067
10.574942
7.245721
5.3846607
4.996873
5.319905
7.518927
7.512248
5.401315
8.269879
5.4504867
6.1527452
10.349356
4.294397
5.6431947
6.648972
10.114858
5.8023367
10.393089
7.376492
4.961117
7.6260047
10.415058
9.196558
7.96547
6.387285
4.2160897
5.7368636
7.239848
5.386746
5.2060037
4.35286
7.042996
11.610767
4.5321937
7.7358956
8.055375
6.0364547
8.664576
7.4731703
8.836247
19.635155
7.295928
6.3262606
8.654561
10.612734
5.3146315
4.9920087
5.9893246
5.8267436
17.394926
11.576655
6.357795
4.8592176
5.758606
7.775698
6.6061387
8.425218
6.548916
9.2837925
8.060878
5.9047213
6.1849484
9.470699
17.513124
8.535312
6.387266
9.205351
3.6927004
4.94255
5.2320275
4.407359
4.2838736
4.645947
6.11233
6.5913067
11.70515
6.869237
8.359054
8.684295
8.03984
8.366695
4.9651237
6.1647863
5.870379
4.410133
7.032816
6.606928
4.73393
5.5002894
10.075688
4.493982
4.1479
4.179389
17.014847
7.6162124
10.163397
4.5977225
7.0831733
7.438065
6.859811
6.949027
6.5395007
5.2128625
7.4885774
5.7835245
15.793747
7.2018495
5.8071513
6.6122775
11.965021
6.4296575
4.4247823
5.427899
5.9744296
5.8980026
26.068056
4.458753
7.381286
6.2891417
7.3624997
6.5585957
6.018062
5.470917
7.6681213
8.754117
8.560374
17.560001
8.991589
4.8814673
5.7985983
4.8340816
6.854073
7.956799
4.4959335
4.125692
3.3729725
2.6403997
10.92387
5.539426
4.882719
8.028796
7.275318
9.774743
6.2333736
2.838838
7.2579308
9.086245
8.549137
5.914095
16.463167
4.548625
5.4953346
10.025976
7.6721025
11.250694
8.3141985
5.4810586
7.1864624
7.7646766
10.670341
4.051116
4.668946
6.9150844
4.068951
6.8615546
10.751518
5.170398
7.584385
7.4213715
6.060474
6.24311
2.848477
8.593424
5.3361645
5.40337
4.1918526
6.525187
4.9683332
6.5967293
20.765667
8.357223
4.8306336
6.3397365
8.374308
7.2112937
5.3251777
8.374632
5.9407005
6.3264847
4.102454
7.7353625
7.289043
8.706363
4.9916816
5.42342
7.377911
4.685679
7.7485633
4.4956393
4.874063
8.845961
10.496739
5.6721606
5.385494
11.441609
6.687578
12.102068
6.3775287
8.073426
10.202955
4.5434537
4.3212404
5.819179
5.849422
8.317185
4.5566845
10.316059
6.2614684
5.9769216
8.3717165
6.3391004
4.254055
5.0723076
5.3849955
4.0289583
6.043404
5.894612
5.953707
8.428786
7.189914
5.040751
6.6678452
10.717273
6.710193
5.4757614
6.3822727
3.1142395
8.824597
4.139641
7.8868103
4.97057
6.926637
7.809438
4.748508
6.7382216
6.6197095
7.960993
6.6845603
6.2178955
7.20141
10.916208
14.283152
5.9716663
11.264042
10.313325
4.8593235
10.670357
9.273582
6.5326962
14.687903
14.462119
5.290592
7.367405
3.7706392
5.864013
4.2264156
6.191633
8.219269
7.9817286
10.323712
5.9314976
3.4610987
20.882298
11.835464
7.2224765
5.0851
15.161935
7.7651463
21.450132
5.670353
3.8530662
5.12265
8.635064
5.7977467
7.9278793
8.36608
6.086133
6.0523396
6.746768
7.958372
6.3236666
10.606504
8.840558
5.1959233
7.1552086
5.487546
4.194264
9.017385
6.4199963
8.029731
7.144162
8.940158
6.9005575
6.752108
3.5448627
18.439781
9.243964
5.9732976
5.773392
6.72675
5.8490195
6.2020316
6.0965214
7.5334263
6.913836
4.2299075
6.5099826
6.796239
10.377008
11.305129
7.704714
7.374842
7.303066
4.8749166
6.201033
5.5038257
7.618504
5.5477943
8.001265
7.3633575
7.8122654
12.164402
5.7763963
5.704037
5.8317847
4.8340125
7.3913646
18.318123
5.3628707
20.004847
5.825168
4.7750993
7.611566
6.97936
5.384435
8.773999
9.880098
21.788898
7.0125933
6.188711
8.439152
6.437277
4.903053
6.594308
5.9244313
5.88289
4.8138537
5.4540935
6.453776
10.549846
13.55444
10.422887
7.534152
5.989949
4.717103
5.0440087
7.656069
5.8301444
7.6518927
6.1631927
6.1923127
5.934628
6.0079446
5.777182
9.9205885
11.322557
6.5622244
5.568624
7.518501
6.988427
5.34281
6.5976334
5.5742517
6.9181776
7.912721
6.3226337
8.466579
6.1785045
5.1945257
7.733138
3.5476556
7.059574
4.5208426
4.768363
6.29395
6.711181
5.25528
5.245797
7.428538
6.73401
9.142215
7.089038
5.711069
8.041776
5.5473127
5.4552026
8.079772
4.466991
6.6130304
7.7582145
5.904108
18.738583
6.5037613
7.33884
8.818192
5.889282
5.8572965
5.489264
5.9954486
4.0591817
7.5549564
4.9628863
4.6580644
9.028257
6.4906154
5.5953507
6.3198657
4.064101
13.580312
10.491062
8.080956
11.821866
7.5043397
5.6006265
6.8391643
5.5782213
13.667557
16.947075
6.4690804
8.1249695
6.0533442
8.172509
8.529336
5.2983904
15.899989
7.472511
4.576403
6.340243
6.729981
6.2584987
7.277238
8.442272
14.810629
8.112591
4.778716
5.4863987
8.212633
7.17982
6.0785813
8.804837
5.9695134
6.0830092
6.785273
6.4019685
5.6471834
6.1185403
5.2259903
8.739943
6.591933
9.384215
8.094411
8.516513
8.24709
8.246832
5.4846115
7.019794
4.910344
6.069209
5.3702636
4.98026
5.456164
6.905171
3.8285007
6.818364
4.3207297
4.616667
7.837489
3.7792108
5.5656037
9.263081
8.717882
3.8917994
5.4268847
3.921098
6.4993286
7.161993
5.653744
17.195364
6.334692
9.3468485
8.959739
4.4337173
8.04155
6.507702
6.3085856
5.768777
5.560126
6.930033
7.4155083
9.5219965
6.0330024
6.79119
9.843716
8.049469
11.865025
9.838052
6.8556523
7.3347325
6.667244
7.4092326
5.200433
8.113495
4.0188565
8.260698
10.946125
6.333184
8.585212
17.934904
4.3384867
7.844082
7.0450845
5.6562905
7.5917025
6.9810257
6.511594
14.4705925
6.622539
5.7034845
4.914438
5.968638
6.711215
8.28294
8.25322
8.626301
8.576565
5.813961
5.4247127
3.91521
7.433137
7.6885505
6.0394835
5.8635373
8.562992
5.0271482
12.022441
6.2739186
4.5232453
7.879286
7.4666376
6.492819
7.029
8.080382
8.242719
6.6954184
7.055192
5.727076
9.902197
5.003925
3.6625504
7.4771357
4.9172606
5.137714
14.156282
8.245416
9.556378
11.999252
7.18143
9.2471075
5.4142866
5.9980264
6.508214
5.6116886
4.1447196
7.845932
6.7131114
5.7850432
5.9273505
7.455607
4.6443863
13.195386
7.741892
5.212268
9.769068
10.672998
5.5844283
9.002074
6.9935017
7.5756555
5.8771553
5.538643
7.879484
9.730289
6.584438
6.7217927
10.7599325
11.354048
4.2772202
7.6939526
7.568649
6.0499535
2.1697643
4.219823
7.896973
3.5110435
8.2801075
6.4587617
4.594389
6.0806117
6.02794
8.3570795
6.1775594
5.8217883
6.297739
5.056555
7.0262556
7.6088805
7.04519
6.2725396
13.426322
5.607466
3.5110257
5.184008
3.891302
8.148309
4.3962274
10.439537
17.351274
8.385558
8.971859
13.743691
5.913326
4.881775
8.958097
6.5341697
6.982723
11.456006
7.81762
4.268349
3.8698046
9.240106
6.6299906
5.1974344
6.3467855
6.9673033
7.5976715
4.681789
6.5689273
5.717479
5.793959
9.391602
10.851731
7.6193933
6.5081677
5.474372
6.649923
6.114341
18.550974
6.992354
9.816507
16.0559
5.146571
7.800046
4.0780525
16.903187
8.562502
5.783746
8.92869
4.999603
5.1336584
3.4858406
6.788094
7.3438787
10.332296
5.1324797
7.1578636
5.2037807
8.180915
5.186339
6.49843
9.781966
8.553678
6.592322
5.2966967
8.372623
5.0548387
8.013163
8.058887
5.31418
11.437882
3.7619476
6.164254
5.006445
4.3876114
6.1552415
4.8923755
5.9477863
4.176
6.266836
9.377476
5.6527014
12.811024
4.400448
4.672316
7.175807
8.659452
6.909277
2.3873243
4.8376207
6.6394076
5.9125295
7.133994
5.7396345
10.829395
8.866569
6.437169
5.5945396
3.618177
5.271231
5.409073
5.7797475
8.156969
7.3680744
15.908919
8.028263
5.3398747
7.4333167
6.0339212
6.1042204
6.45014
4.1166067
6.3129535
6.6413636
3.9491787
7.0545964
4.645404
13.788655
10.354205
4.664083
5.0072527
6.7775927
5.3049383
7.995289
6.8826876
5.8841968
6.919465
9.051528
5.781971
5.063251
6.193174
6.977451
7.343006
6.089432
6.263158
6.0469546
6.478809
5.6821365
6.613605
7.288883
7.828813
6.866994
6.3267894
9.2580185
5.0162034
5.564066
3.9256537
3.930548
6.9050326
5.626182
6.24185
5.7225957
5.544711
5.8817587
4.3964014
4.677224
16.662632
7.0089707
5.747852
4.846875
7.93399
13.844004
6.663126
4.916196
8.339589
9.614491
9.533889
2.4079115
9.442351
10.718429
7.4045672
7.929576
6.9407153
14.659369
8.710363
4.362071
5.917533
6.0340447
6.362119
6.4425983
7.212726
3.7596545
7.331031
5.4066715
8.260282
8.816757
7.3215904
11.479301
4.082583
3.6366353
7.15294
13.143168
7.4139757
5.2904687
9.582822
16.185383
6.8810816
4.6309323
18.361301
12.890987
5.1891603
6.53865
7.3310857
3.6032953
5.513507
5.683813
6.109045
12.370607
6.8930345
6.721038
7.2277737
9.686073
3.8255014
4.1424994
6.762127
11.299436
11.213242
12.090191
5.942356
7.417951
6.822299
5.054829
7.3185496
5.4130106
7.154732
6.520339
6.8021836
5.5941057
4.85789
7.1346107
9.885996
5.535674
8.256785
6.126692
7.5339828
6.9143972
5.397475
3.907622
7.429195
5.031141
5.804687
10.978989
21.05672
6.097566
13.462128
7.8356404
2.6820161
6.896641
7.4505124
4.6276174
5.566528
7.764692
7.080283
7.0437922
9.549025
11.52976
20.431591
4.7349205
3.9280615
6.4897156
7.120702
4.9327536
3.9191718
6.284101
8.039098
6.1301823
13.437233
6.391664
6.49496
6.944615
5.5884166
4.5616174
5.270714
5.064625
9.024687
4.842332
6.592223
7.034293
8.912486
7.4693756
6.391528
4.4705606
6.1039643
6.8459415
7.400348
8.302213
5.040993
14.655474
2.821106
7.008508
5.5819716
5.9498186
4.680922
6.763786
6.0192227
5.465004
6.55588
7.865928
4.6297517
8.894791
5.405826
8.28598
4.974857
6.285631
16.533182
8.121017
5.08114
7.8743806
6.1369634
6.8585806
5.855071
7.037421
4.9408107
5.4964194
4.6765375
6.530121
17.197151
7.249188
15.620297
9.374705
8.237323
7.5640035
8.891744
9.265968
7.279788
8.865341
16.713827
9.979348
6.3124876
6.758813
6.5634785
9.808643
12.128037
7.8256507
7.030335
4.3748994
12.093725
11.174501
6.566215
8.871997
4.030717
10.920092
8.718714
6.974635
10.125937
8.859159
7.769634
13.045807
5.901928
5.942973
9.369479
10.225138
6.591214
6.218067
6.162107
5.375326
5.7184324
5.7442045
5.4033146
3.7763376
10.366651
4.023494
2.5406811
9.371647
4.513369
6.6471906
4.625429
5.0856886
10.63137
22.13647
7.1763067
8.613267
6.9931135
7.203633
6.481014
5.0857987
6.044454
10.213808
9.723172
4.192104
8.309854
6.700696
34.575653
9.696903
8.88418
5.55497
6.036182
11.245781
3.717093
10.733344
6.3555775
5.6473927
6.33562
7.264514
9.74194
4.5075665
6.2922506
7.7036333
5.763936
5.7862267
5.1205964
5.045368
5.5891232
5.2037544
6.886341
16.564245
4.9035053
6.0324078
7.7639437
7.599338
7.1862574
4.914353
4.142586
8.625001
12.339853
12.751828
4.6476436
14.119958
11.995099
6.9914794
5.0292077
5.1821456
3.92938
3.1984491
7.8397574
4.948565
8.721549
7.102806
7.3257055
3.9980206
6.930247
10.91821
11.282016
10.214752
7.6100116
6.432819
16.820303
10.1057005
7.528353
4.8446574
6.3028812
6.7906013
11.488124
6.9478946
7.9551287
5.78045
8.496846
16.845245
5.4136477
10.7574005
4.935667
6.758657
5.874874
2.0267797
9.820016
5.307644
5.926353
5.3063164
12.75811
7.2535577
5.388139
6.06996
5.9182825
7.2027707
6.3346705
6.1933713
9.42657
6.2668786
5.850579
9.4429655
6.3473263
4.3090672
6.4076357
5.1410213
6.7352533
8.412777
20.938398
5.650748
12.342174
8.314486
5.6808085
6.6006465
3.0867515
4.0404863
5.7654877
4.4434876
6.091118
28.677216
7.578811
9.16268
11.040377
8.427045
6.8330154
5.3482823
9.614784
16.080475
7.144628
8.195034
7.2789836
8.582406
8.094206
6.2419457
4.140029
5.214909
5.696649
8.567156
5.576214
5.6801023
7.1238456
4.420949
5.7571635
5.4953294
11.485182
8.270395
5.527642
5.853235
8.313355
8.570656
7.5375094
8.898041
5.9655437
6.023501
6.3981023
6.907957
10.486274
9.602549
5.756388
6.338261
21.229889
4.4651623
6.489946
4.1966124
7.9587183
4.4446764
6.9848204
7.063859
3.562708
6.98725
6.923606
5.0225005
9.328726
12.771056
5.0162535
2.619094
6.962035
6.01648
3.9415863
4.896806
3.007931
5.2972727
11.6310425
7.0133324
4.7424774
5.9546556
4.710897
11.056333
17.914843
5.744264
6.535513
18.781551
9.07014
5.4328322
9.094114
4.7853217
4.728405
12.058431
20.709723
4.054168
6.2636952
3.5074503
3.6115162
5.806753
8.386536
7.202157
6.8075585
3.9275768
14.525935
6.7304096
8.072249
6.833166
5.002928
6.7946978
6.127729
8.6141405
6.607723
8.4467325
6.09169
3.8358135
6.4113493
5.898403
13.065871
7.4636083
8.294187
8.857077
5.4972205
4.8763022
7.6924357
3.5949862
4.4631705
7.026571
8.767429
6.86729
7.541118
7.363156
6.217516
4.45037
5.2921257
6.010169
3.93132
6.6322374
7.299207
7.8258057
10.996843
4.7290645
6.434832
6.7827835
3.9768171
4.9398127
5.1890397
7.700166
10.83528
6.7448616
6.693587
4.6655593
6.1127777
9.093291
7.9238095
5.7266164
4.7898107
16.17601
5.0515184
8.683396
5.301098
4.8438287
7.0834746
6.301652
8.241297
4.628671
5.6489434
7.126958
6.2025933
7.198498
5.329043
7.641945
5.4472256
7.1131654
7.432387
5.1317925
6.424728
8.562049
5.5152264
4.443912
7.319129
8.437945
11.765709
16.400957
7.392286
4.4299293
5.8043633
4.248773
14.007187
12.728732
9.053548
10.939178
8.530267
4.4868536
8.70815
13.2773285
7.682075
10.648119
6.4609356
5.68933
5.5727863
10.525439
8.148665
9.66737
4.751246
4.9306064
6.4175725
7.7136483
6.708932
9.307166
4.8380218
8.385587
4.6254864
9.042139
5.4065914
5.252515
7.541501
8.598597
12.039479
4.9158697
9.040449
9.693999
6.2497077
4.4252954
4.5464754
6.6752934
7.13282
7.6281767
12.066396
10.898029
5.530231
11.008315
6.6297455
8.392628
5.9376993
12.623915
5.961948
8.597707
7.1064997
7.2894273
8.723983
5.1284156
10.703637
6.26426
5.9749885
3.8011475
11.246764
6.597507
6.5796065
6.791168
5.6454344
7.4085116
27.232862
9.947921
6.3689904
9.907102
6.937997
8.887196
7.410512
7.144968
4.4542074
7.498998
5.1533446
9.266822
6.3257284
13.83875
4.79371
5.302546
7.441456
21.942348
7.9653444
6.6232333
5.911281
8.270905
3.2618845
5.38767
6.450315
10.901453
10.16976
5.896122
4.324871
7.324762
7.290213
1.2961271
5.5605016
8.719581
7.267199
6.6042876
8.350634
6.937162
8.229489
8.669351
9.722491
8.27219
4.523039
7.6315494
8.230346
14.137304
9.262149
10.476666
7.1931653
6.158298
5.4818454
4.9220076
5.692189
7.4716477
7.656816
7.253512
5.7798114
6.7254906
5.930444
12.258245
3.1595514
11.80031
5.744752
6.6530237
7.1538725
10.438227
8.751593
6.256962
24.080936
3.7450976
10.626133
5.8565474
8.930552
6.0799546
5.975581
3.6675422
5.4949985
5.3510695
7.3498335
8.046433
7.6507564
4.9144187
7.877093
4.0832477
4.812923
7.7961936
8.324443
3.4800234
4.8801594
7.9886923
13.216431
7.5724583
4.8651576
5.912217
6.452334
9.399308
8.407338
11.784681
9.840403
5.7142234
5.1051083
7.656444
8.7994
6.3857574
10.090476
5.164374
11.405773
8.683085
7.400697
6.3227444
6.9445467
10.148488
7.6924405
3.2502916
5.455289
6.1928196
6.128374
14.212267
11.49924
5.318524
1.7310055
3.7560446
4.177767
5.8832455
8.199588
5.862352
8.267861
6.8169966
8.245739
4.5022883
14.974798
10.8889
4.286182
4.786474
5.5496397
6.2486997
3.8394804
6.0526237
4.665084
7.263837
18.419083
5.19298
9.799318
6.7235017
8.713818
5.0649858
13.037233
6.3734207
6.8738904
5.989597
7.1576514
7.774573
5.341333
13.936566
6.9525023
6.956346
4.8065586
6.963457
5.7363777
5.5633206
8.142323
11.887845
7.948255
7.7091174
10.221364
4.37964
5.59689
5.543702
8.728442
5.3814354
12.621284
7.276671
7.2808247
6.3672915
8.334213
4.7641726
19.097452
9.618713
4.4906535
4.8230076
19.034163
6.566629
13.211917
6.0847096
18.257492
8.583987
8.71892
4.4223766
11.800497
7.7613006
11.808901
12.260354
9.095196
12.42532
6.9596653
7.2424936
3.6086614
8.480772
6.1402636
5.8670263
9.875842
4.805737
6.578487
9.065472
11.1197605
7.842045
4.5343046
6.0607033
5.905832
5.0276814
8.543682
9.065652
2.8455756
6.7914233
8.748069
3.9626598
8.639879
6.861529
6.2585216
7.004262
6.283163
6.1651154
7.5842795
6.697957
4.800272
3.4194298
3.5019405
10.34146
7.748005
10.391961
11.3580065
9.95037
5.568997
10.1563
8.02849
4.871347
7.473783
4.4853783
6.0586157
18.245335
6.433115
7.700598
13.856071
6.29639
10.435878
6.299
10.75139
11.788026
11.161359
6.6078825
4.115221
9.100349
7.9231787
5.168414
6.455593
5.233381
5.7009687
8.800745
5.9991546
4.585726
14.405036
6.099029
6.3727026
7.0292287
5.9360557
5.0709076
8.0385895
5.6184373
4.336535
7.710799
5.3704104
5.679535
6.656896
10.493915
4.121596
7.794475
10.484743
12.65661
4.41732
7.642196
7.043135
3.8842523
7.3813353
8.334071
6.838649
9.6322155
4.796455
9.467319
4.928224
5.970014
6.0351744
10.827919
7.0211635
10.85576
6.442654
7.9965954
3.2483895
5.557886
4.4335675
4.8069587
6.3427415
5.7264957
8.07125
6.7531486
8.872675
16.465973
5.392958
8.019802
4.862485
5.056031
5.2365837
8.6362915
12.00432
7.99037
6.695926
6.4917407
5.6460547
17.30923
4.819214
7.749542
8.390117
5.6586895
4.321201
4.075585
7.135928
13.340132
6.207058
10.357412
7.883128
6.2113476
7.531791
8.6267
7.649357
10.278108
5.925225
5.027543
9.430257
5.4868574
6.0342317
5.333588
4.827154
7.091413
5.401105
7.18965
11.290758
3.191694
4.929473
6.157008
5.5662317
16.89659
8.816698
6.0423765
7.5549226
7.693983
7.4406133
6.7494464
7.0707693
8.901981
4.974408
6.4787865
8.780859
7.8509383
4.4243264
7.099111
6.046191
6.44639
6.0833316
12.980308
7.127237
5.780138
9.032148
14.0514765
7.989862
5.095452
17.463102
5.595379
6.8264976
6.6529026
6.285548
5.3757534
6.239035
5.6254334
7.81441
4.9461207
4.8593054
7.6296678
10.379649
8.758132
6.4661126
5.443458
13.107447
7.4232697
7.1337905
6.3793783
7.3955846
6.8312597
6.831298
5.1399794
12.82001
13.281295
8.03849
5.729354
5.555043
11.202184
7.1159115
3.9818642
5.787924
7.9188294
7.941341
6.382468
5.6552086
3.814676
4.810883
11.740818
6.049331
5.7699018
16.68951
7.177245
2.7187982
9.148203
7.048853
9.833498
5.109938
4.739837
5.4689975
6.7185655
8.502814
5.529445
7.0609775
5.8253393
4.9052777
7.6803784
6.489723
6.674079
5.487922
6.3388824
5.901444
12.569144
5.2763834
8.357417
9.28339
7.6722317
7.432374
7.579351
3.6414397
5.16086
5.6444354
5.2907495
5.654306
12.851645
6.0539513
5.4185743
3.2542922
6.7380214
11.722718
5.0993843
8.529103
8.54909
5.2761397
7.3476467
7.6215286
9.520829
5.330187
9.422097
8.555068
4.495131
7.4059157
4.912262
7.131841
12.559133
13.024129
11.899095
4.4539933
4.868542
6.4372573
7.7187724
6.5093026
5.6114097
4.628838
5.294287
6.340017
7.1224413
7.391365
4.692609
5.463293
4.012738
10.353507
10.357875
8.220754
10.972865
7.0617394
4.148713
4.8313503
6.9278183
11.178739
6.172053
8.459686
6.6243515
9.589335
14.684472
7.23452
3.61886
1.9202497
9.560843
5.131023
5.1900625
7.5045104
14.594577
9.966678
5.2392898
14.843024
9.455661
5.1829505
3.951858
6.7518373
6.8701496
6.3685594
5.8031144
13.394255
9.979258
7.073552
5.1791925
5.3376245
7.713792
4.966515
5.917771
6.301803
7.214908
7.569921
6.4584017
7.9092684
4.835236
9.516864
5.7440753
8.697462
13.107823
6.032202
6.9434886
6.8067336
4.2510366
7.8926225
5.517172
5.138047
10.419157
6.787528
9.717341
9.380839
6.9466524
6.769012
4.675581
8.248685
5.341817
4.071404
5.8241796
5.857233
5.2070713
5.258563
7.5992503
8.141681
6.578782
13.457162
9.342076
9.20301
6.4940658
6.9102664
5.385053
5.198154
10.480288
4.7000713
11.485799
5.5566
4.665724
8.133239
8.0896
7.7955246
10.950937
4.745226
4.607179
7.2070284
8.790099
4.3408833
4.825051
8.235079
6.651364
7.7855415
4.1457853
6.720392
7.372098
5.5777416
5.0517783
5.181099
3.9687235
7.3442283
10.707537
10.7911415
5.4327846
9.884729
10.657906
8.153035
11.318884
9.485338
5.740164
6.869354
14.267204
4.5503173
7.6124616
8.704443
20.973671
7.0037565
4.263669
11.686982
6.395015
5.748288
6.067248
7.954124
4.6587534
10.223913
6.099731
4.2010055
3.6265807
7.238063
6.856898
6.143086
4.2523007
10.727824
3.693047
5.8840103
3.0786793
7.492871
14.861461
9.866915
13.430777
7.225085
8.067953
5.279883
6.573181
5.5272207
7.2073293
8.8127775
7.7133765
8.241547
4.1588774
14.692134
4.0436554
6.610653
6.080557
4.0977063
4.625027
7.0987864
5.7291417
7.748355
4.6229076
4.660008
3.1455238
4.0804834
5.456011
12.773825
5.1667523
7.0707383
9.109359
7.5880065
7.4398017
4.480775
6.7554903
10.786933
7.369684
7.1025333
7.5845304
8.845608
4.3786836
6.3141017
5.0840225
10.175017
18.710789
6.225728
5.679522
8.291689
2.801951
6.466939
4.7568226
23.28363
5.872729
3.7173955
4.267279
6.960678
9.654226
5.078067
5.0908914
7.2178383
10.932295
5.0288877
5.5739913
20.474789
7.380555
7.9501543
5.9134283
5.4037876
6.6423106
5.261424
5.6062946
5.705098
7.5040345
7.077439
14.350616
5.3209124
7.3610835
4.7786527
6.8690243
12.255086
7.3080654
5.052477
5.429155
5.79778
9.320387
7.8254595
5.5081186
5.6219997
7.44248
5.634914
9.390131
4.7876673
7.534205
7.116403
4.7539835
5.004613
11.285481
5.963293
6.117741
8.248192
7.82232
13.96649
5.806625
4.706116
6.189222
6.3595514
6.9872766
4.4747934
9.853965
3.3187466
8.315592
13.043259
6.916298
6.965131
7.6951613
6.518152
5.504298
9.519496
11.01521
5.7736216
6.538829
4.5003715
2.9549341
9.995569
6.593496
8.2436905
8.097173
6.9962883
4.349613
9.189745
8.351897
5.0373106
7.135049
12.197056
5.229851
8.173386
5.9622383
6.49672
5.104509
7.227439
5.858516
5.8019133
14.390166
5.8335133
8.023178
4.797074
4.88443
7.7354393
7.320589
6.6774626
12.623931
11.085922
5.657706
6.6649203
6.191683
7.435383
4.6019588
9.312092
6.1056237
6.5204883
15.690456
6.8283753
7.232247
4.1254115
7.4890466
8.647267
11.627599
6.102378
18.482538
5.449532
6.5657053
6.731533
6.0330334
9.509554
9.458585
6.5123105
8.969494
7.59285
6.1009183
5.13484
7.4253674
4.694609
5.7954254
4.7813473
7.5315456
7.923222
6.5867662
18.283981
4.1038566
10.301373
15.244555
4.3989134
16.359505
9.462312
5.4068375
7.9470577
5.202522
13.95247
4.659062
6.6138906
12.6539955
5.210245
4.923708
5.815603
6.06346
4.0783668
5.2495427
4.6072884
6.2592554
7.4172635
5.070306
5.4257283
8.267383
5.03967
6.8661857
5.7345014
8.691957
8.159413
6.7101603
6.0588
7.4988227
6.252446
5.830982
5.523395
5.260524
4.820767
8.361636
5.4355145
7.3716993
5.294388
7.3519936
8.879956
16.786724
5.1678104
5.0927944
5.8654656
6.238186
4.6428323
6.40621
6.999522
7.7131805
6.971719
6.538526
8.902585
5.8679357
16.947361
6.2961183
7.896083
9.331935
7.254868
5.5173554
3.0412893
11.258288
6.974473
4.894586
4.523288
2.8967557
7.088439
5.08519
10.333337
4.273366
7.561041
6.069456
4.0529485
6.8022766
5.435553
9.76334
11.055489
5.9895453
15.097509
6.6425037
6.843346
6.628116
8.292499
8.648467
5.388413
5.708793
6.840979
4.0609584
15.385912
12.24342
7.7409763
6.04829
5.0770707
10.886732
5.84233
4.5689683
5.9716797
6.3301253
15.977472
10.4070215
9.285287
8.953025
9.173084
8.043538
5.0543203
7.6831455
8.000776
4.8115444
8.866033
7.6245127
13.144631
5.1099524
19.91923
5.8577986
8.900441
6.9710193
5.036325
7.875691
7.866133
3.8410583
6.946834
5.844747
8.197369
12.836798
8.699106
5.468621
11.062085
7.4246593
7.1860304
7.245932
5.5893784
5.4832907
4.0697336
9.839816
9.537312
5.818583
6.8858986
4.475204
6.8366594
5.360769
8.599466
5.4752398
10.641886
5.8214145
11.775721
8.167468
6.17749
9.669378
6.762045
6.4171658
5.702772
1.9450701
20.70292
6.849479
9.920934
6.5060925
7.6058536
5.203361
7.6970286
5.924755
7.367041
7.0330477
4.956058
8.131366
5.6300497
7.652093
10.16148
11.479185
5.961027
3.1704159
5.749241
8.9369755
6.9698133
4.409495
4.2182007
2.9791992
10.453937
8.9159775
5.397
6.460787
4.850208
7.491716
12.060466
10.590457
7.180144
4.4044046
12.676828
3.7745898
5.4814897
7.6279883
9.124926
9.085467
6.175014
5.9580326
7.678795
13.0490885
6.502564
4.240063
7.7146387
5.318617
6.82365
7.3826337
6.0804563
14.545633
3.6445637
6.958089
5.4505606
2.8307378
8.591183
5.174116
7.381953
4.3743787
9.86793
7.1908655
5.394526
8.868023
16.003897
7.4813795
5.022286
8.063832
7.206721
8.867404
6.9197664
5.1068506
5.0411086
5.484437
3.8694189
6.0095477
5.49881
8.656844
4.7215533
9.45415
8.103644
6.1567516
21.880152
6.96203
4.7833734
5.78266
7.322493
4.800701
6.567301
8.115878
6.594136
13.073826
5.1757054
9.172488
7.042489
15.461161
9.030974
6.835085
6.464548
6.4463434
8.735534
5.4637756
5.8726664
4.633908
9.24946
4.9047956
8.123395
5.6780543
6.62139
4.283666
6.390849
4.144593
6.5614524
9.50616
6.86463
8.257863
8.035416
5.6034064
5.5521073
5.012717
6.7175407
6.377075
6.595307
11.209475
5.60262
4.5663548
5.5501523
5.466524
8.385871
5.487883
4.1619844
8.336102
3.400497
11.154171
7.020297
6.802075
6.1103196
6.9477735
5.1236725
7.7435126
5.652261
6.481673
14.022473
7.0075226
4.688218
3.9412074
6.32651
6.7195754
6.1160474
6.3001566
16.861712
5.5743814
10.701684
6.3988776
11.372053
18.48644
8.012346
5.263249
8.578914
5.1912804
6.818123
4.2816906
5.1250916
13.736433
6.3119802
2.3200283
4.9289975
5.959991
9.630787
4.624866
8.503317
14.225244
6.758567
5.693594
7.807318
6.0952086
7.9935412
8.030528
8.640894
11.554489
9.554133
4.850568
8.360193
4.53746
5.6722364
4.82437
5.3585076
12.419049
5.1412497
8.209126
9.775877
6.191111
11.037153
7.5450244
7.5943127
6.1048775
7.653882
6.2795873
19.695915
4.9208174
6.7383356
5.271922
10.7565775
7.0074286
6.066696
8.124834
7.095913
8.851163
7.006553
7.607086
12.796287
5.594296
5.56048
8.983829
13.979038
10.381393
6.8039136
4.773081
7.257345
5.0978856
6.0508184
4.9150434
8.12907
16.239037
6.3121147
10.03854
7.759538
6.5389347
5.4042
6.5708385
8.611921
7.9195933
3.9395456
5.1350317
5.401387
6.612343
11.552351
5.726485
8.902338
3.793345
5.039257
6.4635744
5.5504603
6.4762535
6.9551125
9.542723
5.1307154
4.951683
6.5786877
17.141184
10.561893
6.8671293
5.15974
20.771402
4.4441557
8.557982
6.649669
6.71232
6.0463247
6.648997
6.24939
6.5724216
15.173354
5.6953945
10.249229
5.896928
6.5999618
7.4220243
6.4445486
6.7920814
11.223903
7.1035895
7.491508
4.3757997
10.825535
8.846034
7.833513
9.241965
5.4040966
9.430535
7.398836
7.1682777
5.3358183
6.3767505
9.569922
7.0356474
9.394259
6.3341584
8.656063
8.547233
8.011412
3.8342319
6.8745346
5.896061
5.635738
6.454516
4.2085924
6.37512
4.051545
5.4141994
4.56748
7.2088847
6.083462
4.899181
5.6389303
14.330055
6.5066586
4.2416496
7.521921
4.9999413
6.131914
7.6329565
5.3583674
8.178685
3.8583446
6.6301017
5.8427587
9.295044
7.9423046
6.2134323
7.522573
5.110742
6.726309
5.386725
7.4816656
4.1349444
7.165154
7.2667646
7.027065
10.212039
6.8566117
4.7757554
7.820918
6.0892725
5.9780855
7.644448
4.4867406
11.038813
9.137196
8.179149
6.482771
6.249774
6.8136435
5.594336
3.068594
8.916006
6.979203
8.513469
4.5060973
5.3985167
7.408834
6.4327416
5.019385
5.3579698
6.5563545
27.050129
7.319971
7.3702846
6.449277
5.837187
4.785539
10.47253
5.4016604
5.1753078
12.49345
9.345366
19.860283
11.886478
8.881934
5.839071
8.201276
5.7850795
6.798556
6.962513
8.950586
10.2265005
5.4797754
7.125393
15.637453
5.781264
6.302767
24.604443
4.6522655
2.2625492
8.801379
6.4195046
5.8086357
6.871458
6.1093693
6.125449
7.070501
5.6710935
7.9291916
5.9834385
6.483144
6.5212183
7.0295215
3.6364923
3.6360798
9.281226
6.294346
6.103004
4.6362267
5.4385505
2.813889
5.6598287
3.5029721
8.922726
10.592349
2.2130468
3.859204
7.9270277
11.8094015
9.087487
5.8926916
5.3115077
6.0112667
6.6172028
7.7947755
4.96656
18.75955
9.212115
5.130578
7.325586
9.254511
4.9745154
14.168399
7.502659
7.6853747
11.689137
6.1090255
5.1088986
8.583256
31.057173
6.5673537
5.8518157
8.768519
7.91671
6.1221504
5.225031
5.2992024
10.334482
12.788256
5.973516
6.733801
6.0883427
10.410212
10.32034
5.779258
15.358925
3.534653
6.9532948
10.341142
8.154432
4.142686
7.622658
7.4726934
9.744836
6.512128
18.59046
7.594764
5.875045
5.380203
4.333126
7.427502
8.751762
9.596097
6.3359895
2.9889743
7.5858574
6.493446
6.2310147
5.160336
7.644461
16.91393
6.5448422
5.736003
4.831925
4.2814317
4.3380036
7.0597043
6.5180507
6.0657535
6.056992
6.943876
6.0444145
8.822054
4.217593
5.7450275
3.9437113
6.37223
3.721925
7.540788
6.0513077
21.656063
4.4805126
3.7434049
5.4427886
4.9626265
5.983245
4.5855155
15.798435
9.6111555
4.9167447
11.039834
4.092398
5.2620945
7.134649
4.3762994
10.566727
6.830955
5.696339
13.236329
4.8475595
3.504705
5.5507927
6.793771
5.946905
10.799313
7.202532
6.679597
6.7435107
8.585823
23.516785
4.8921103
6.780015
4.0050926
6.1910734
5.593007
5.0415273
4.600978
3.2320454
5.551441
7.9124045
13.519154
8.152912
22.318176
4.828478
5.803661
7.674965
10.081106
5.140611
17.667242
7.0974507
6.416766
4.9007926
6.1665034
13.830609
7.25242
4.177796
5.847401
2.941144
5.618007
7.3370404
10.708483
5.7661505
5.301839
14.965548
4.594141
3.9315565
7.145939
8.22433
7.0221057
6.285319
9.976205
7.1528234
5.140335
7.1285105
5.815877
4.331524
7.164023
4.7909226
8.803282
7.426708
5.2264633
13.80628
7.898011
9.317287
4.277334
7.480585
9.1036215
4.542782
6.946691
9.697309
8.352689
5.807292
10.601949
8.231545
5.589514
10.322609
7.637815
7.2226977
6.743168
9.354018
8.6937275
7.9791217
5.4825006
9.781457
4.938983
7.9830875
4.9147954
8.200144
8.243949
8.267099
10.108587
8.037695
6.9254875
8.329004
5.070512
4.250092
5.1452703
5.9827337
6.356397
4.969574
7.810991
7.339696
5.9424515
15.535336
6.400215
9.996316
5.6149697
18.124247
9.487619
6.0631485
4.783778
5.98956
14.103832
11.061603
8.607449
4.3369102
7.6263523
6.0340047
6.3333526
6.190136
5.9693546
4.9182887
7.987794
12.169988
4.950624
20.235998
6.2070894
6.9924088
13.595315
10.367646
6.3779373
5.647957
3.484391
5.3168497
5.846362
6.5315647
5.023965
6.0411115
8.721726
6.7533817
6.3075647
6.5255504
10.370135
8.345843
5.323799
9.740601
7.819451
6.989695
12.066651
13.576277
11.27362
6.8157625
6.1865907
9.920467
6.7163763
7.2973723
8.654833
6.984205
8.400127
6.460435
6.1223593
5.46585
9.30207
5.419437
4.9978857
19.56338
2.7021427
5.3340116
5.009929
6.369371
4.965284
6.5639405
8.888931
5.980144
10.862785
9.7118845
5.3018756
9.0555725
8.701518
6.665314
16.713865
5.51754
4.394935
7.13476
4.689255
7.0509934
5.522545
6.3873034
6.9315124
9.017417
7.263974
4.8831816
6.624342
5.4013505
5.8561797
7.837628
8.429101
4.361648
6.137629
4.796502
10.251262
9.834185
5.769763
21.487007
4.829979
10.373289
5.1096144
6.1769223
4.843372
7.740788
7.9754806
13.3118515
5.1819334
18.17382
4.814893
6.2497754
9.686194
4.237593
4.9146843
5.5772834
8.895727
4.223612
5.3785896
6.494328
8.398608
4.6376057
7.432738
6.2066956
8.281124
5.689259
7.930661
5.016211
8.954513
5.170009
6.9221854
4.8631763
9.146281
7.174803
16.95354
6.448247
6.01011
7.4547973
6.646298
5.3789225
5.594014
6.434498
17.292952
6.9731054
4.4777913
4.0487795
9.122859
5.358702
4.941832
7.8253074
6.3893924
11.01537
7.4169655
5.8289
11.012585
3.4723356
