10.93
5.2
11.2
10.3
7.67
9.34
8.33
12.27
6.48
7.13
5.88
5.88
4.33
7.22
6.76
5.56
7.58
5.73
6.07
6.0
4.59
5.59
8.23
8.22
8.21
8.21
4.8
10.33
5.17
9.82
7.6
6.95
5.4
7.17
6.9
8.14
7.59
10.45
8.14
10.15
7.67
9.89
7.89
8.71
12.6
5.46
8.91
6.24
6.17
9.04
8.21
9.21
9.21
7.57
9.56
12.08
7.54
10.66
5.65
6.8
6.75
8.18
5.99
8.17
5.12
5.95
4.92
9.96
8.87
8.84
9.42
6.07
8.92
5.14
11.03
9.11
10.02
8.87
9.29
7.11
10.82
7.29
5.74
6.75
9.07
10.19
10.09
5.92
9.95
5.59
11.96
6.21
6.26
6.35
6.59
7.01
10.35
7.6
6.77
6.14
7.76
6.48
7.16
9.42
7.36
7.67
7.67
6.56
6.5
6.98
7.05
6.9
6.45
6.48
6.29
7.44
5.22
5.0
6.28
6.67
9.34
6.31
5.97
6.33
10.3
9.93
7.19
5.59
7.92
7.74
6.65
5.59
5.6
8.18
7.1
6.81
6.37
4.27
4.96
4.93
9.87
9.89
8.71
3.91
6.06
5.45
7.0
7.15
7.12
7.22
5.35
7.87
7.38
6.38
6.35
6.51
6.42
5.8
5.74
5.58
5.26
4.59
7.2
8.32
7.25
9.73
6.85
7.03
6.22
7.05
9.11
6.59
5.22
7.99
8.15
5.26
6.14
5.48
8.07
13.58
7.17
7.73
5.7
5.91
7.73
6.31
7.02
14.12
5.95
5.7
7.68
7.14
12.82
4.09
10.46
5.17
7.08
9.42
9.43
6.23
7.05
8.76
6.81
7.37
6.14
5.86
5.87
5.73
7.29
7.42
11.23
5.22
7.47
6.4
6.43
6.43
6.7
6.65
6.89
5.73
6.02
9.4
5.1
7.8
5.8
6.34
10.62
9.03
7.02
7.72
11.39
6.42
6.73
6.17
5.35
5.27
6.6
8.68
6.29
5.45
6.85
6.81
7.32
8.2
6.92
6.02
7.68
6.33
11.47
10.02
8.64
6.65
9.27
11.14
8.91
5.7
8.49
11.68
5.11
5.48
6.14
13.2
7.94
9.16
6.93
4.65
7.54
7.0
6.47
6.95
6.21
8.17
7.4
6.17
6.29
8.86
8.93
11.01
11.42
9.1
7.83
5.56
8.07
6.75
6.45
10.67
6.11
5.41
8.92
8.89
8.0
6.44
5.65
6.62
7.48
6.53
5.25
7.19
7.23
7.23
12.66
12.64
7.36
8.94
6.28
6.18
8.93
5.56
6.8
9.26
6.98
9.61
7.19
6.79
8.14
6.51
6.17
8.38
12.73
7.79
9.61
12.49
5.58
8.01
5.58
6.65
7.32
7.35
11.8
7.89
6.2
6.29
8.26
5.41
5.91
7.16
8.87
9.05
10.2
10.2
8.64
7.97
8.59
7.59
7.61
5.7
7.3
5.32
6.62
8.1
8.45
5.94
11.96
6.39
8.96
5.81
7.16
5.42
7.66
4.89
6.0
9.58
9.58
9.94
9.93
5.22
7.71
7.32
6.05
8.33
8.39
6.68
7.75
6.83
6.17
6.22
7.95
6.76
7.29
6.48
6.34
5.75
7.87
7.6
6.01
7.44
7.44
7.87
9.97
6.5
5.42
8.45
5.8
7.36
7.9
8.85
6.65
10.54
6.14
8.72
9.14
11.29
10.44
6.7
10.47
8.71
8.42
13.46
7.95
8.54
7.22
5.22
5.98
10.46
10.14
7.73
9.4
7.24
8.0
5.37
7.9
5.6
8.32
8.32
8.24
8.68
8.59
6.26
5.92
5.7
5.6
7.46
6.58
6.5
5.02
6.66
11.8
8.44
10.85
5.91
8.72
11.33
6.97
8.23
5.37
8.57
5.33
7.19
7.17
7.29
5.92
6.87
9.48
8.22
7.7
7.05
8.75
9.18
4.02
6.99
10.16
4.56
12.19
7.69
5.91
5.74
6.68
9.17
5.75
8.58
7.02
5.65
10.16
7.42
6.11
6.43
10.81
4.48
8.82
7.01
5.06
8.65
7.41
7.54
5.11
6.92
6.2
5.95
11.59
7.84
9.95
9.95
6.84
7.29
7.49
8.8
8.8
9.44
13.22
13.22
6.86
6.84
7.38
7.23
6.48
11.29
5.88
7.3
5.57
10.53
7.48
6.14
5.17
7.73
6.46
6.06
6.2
10.41
9.71
7.76
5.48
8.04
11.75
11.7
10.56
7.54
6.42
6.68
5.27
6.51
6.35
5.58
5.91
7.03
6.01
7.2
7.0
7.68
11.82
5.65
5.48
9.06
6.56
6.41
6.29
10.2
4.98
7.86
5.98
13.21
8.56
6.96
7.27
8.13
6.35
5.27
5.27
5.72
4.8
8.54
12.05
5.59
5.14
7.76
8.5
5.73
8.13
8.05
6.76
10.78
6.71
7.63
6.85
8.63
7.21
8.15
6.47
7.14
6.1
8.27
6.65
6.99
6.18
13.06
7.25
7.25
7.39
13.09
7.34
5.59
6.17
6.46
5.94
7.73
7.71
13.63
7.17
5.65
6.95
6.84
6.67
9.6
10.87
5.91
6.5
7.02
7.03
7.45
10.88
5.21
7.17
7.25
8.82
6.5
10.88
10.88
5.85
6.63
6.63
7.29
7.2
9.94
8.39
13.66
7.05
7.94
7.95
6.94
6.46
10.03
10.02
8.91
7.1
9.9
6.06
6.76
7.07
5.5
7.35
7.36
6.91
11.22
6.5
6.1
10.14
6.47
11.13
6.52
5.81
7.77
8.75
8.75
5.45
7.34
6.32
6.33
7.75
7.67
5.99
5.41
6.92
6.45
9.33
5.35
6.85
7.51
7.51
5.17
6.54
7.44
4.89
8.14
10.02
9.97
8.35
6.81
6.71
6.63
8.11
7.62
5.34
6.19
6.17
13.36
7.25
6.7
6.7
11.65
11.13
6.87
7.42
6.59
6.81
13.8
4.17
9.74
6.63
6.73
7.08
6.48
5.83
8.01
6.59
6.84
6.84
4.42
7.98
7.33
6.29
7.42
6.41
7.92
8.54
9.43
9.12
5.59
5.29
5.59
7.14
7.02
6.57
6.11
7.82
7.02
7.69
5.1
10.86
5.27
6.27
7.39
9.23
9.01
5.7
8.73
8.73
6.14
5.65
5.75
7.48
7.51
5.7
6.07
8.4
5.92
6.98
7.3
5.5
5.11
9.34
7.89
5.98
4.84
8.98
8.4
8.71
8.67
5.43
6.56
10.17
5.76
6.43
7.69
7.76
8.23
6.79
6.68
8.25
8.08
8.82
8.7
5.92
9.36
8.17
8.83
6.27
6.84
7.54
6.82
6.82
11.88
9.53
6.98
6.32
8.44
6.05
8.29
7.98
6.08
8.66
6.03
6.93
5.26
6.92
6.69
7.2
4.26
4.26
7.39
5.45
8.58
8.61
7.4
7.98
5.89
5.72
7.47
9.31
6.32
5.07
7.83
5.12
6.37
6.37
7.07
8.41
7.39
5.99
6.77
9.55
8.88
6.22
7.73
7.74
7.73
9.18
7.14
4.67
6.5
4.3
5.12
5.48
7.2
6.5
8.57
6.07
6.88
6.58
6.65
7.06
6.06
8.72
6.4
7.82
5.4
8.89
6.42
7.17
10.64
5.48
5.5
6.69
5.19
8.65
7.18
5.41
8.58
6.51
6.22
11.02
6.0
7.42
6.32
9.97
5.06
8.3
7.87
7.76
11.43
6.4
8.52
7.07
6.94
5.99
10.24
6.76
6.46
4.59
7.11
6.66
8.11
6.39
5.92
4.07
5.46
7.22
9.78
9.88
7.2
7.25
8.18
5.91
5.59
7.85
11.97
14.35
11.04
7.42
7.01
9.5
14.65
8.27
5.56
7.92
7.3
7.34
5.21
5.22
5.22
6.9
7.2
7.75
9.04
8.1
6.77
5.63
7.54
6.51
5.5
8.32
7.1
5.94
5.72
5.64
5.48
8.1
7.02
7.5
6.27
5.51
7.61
7.41
6.74
8.12
7.37
5.37
5.66
5.92
5.73
6.22
7.65
9.0
5.22
6.6
7.43
7.11
6.66
4.32
9.62
8.4
8.28
10.63
10.63
6.68
6.37
7.96
9.83
6.69
7.29
5.99
8.1
6.7
5.87
9.44
9.44
7.12
7.46
5.92
7.84
5.83
7.0
6.42
7.89
5.65
6.3
5.7
5.83
7.95
6.39
8.05
11.24
9.04
8.11
5.91
5.79
6.39
8.73
5.53
7.69
7.68
7.4
9.32
4.59
6.24
7.35
7.63
10.9
6.05
8.84
6.11
15.5
6.5
7.46
7.72
7.55
4.55
7.25
7.27
6.5
10.79
6.11
5.4
7.11
5.76
8.44
13.88
6.48
5.91
5.58
5.48
6.5
9.9
13.98
5.14
8.35
7.5
7.5
5.7
9.34
9.79
6.22
8.39
5.06
6.22
8.8
7.53
9.47
5.68
8.1
7.37
5.98
8.66
5.7
6.1
5.21
7.68
7.59
9.21
5.54
6.98
6.37
6.47
8.08
7.56
5.85
10.35
6.11
5.17
8.01
6.76
6.59
9.46
8.93
5.22
9.21
7.17
6.14
6.14
6.14
6.58
11.53
10.79
9.87
7.62
7.51
9.87
6.46
7.05
6.47
7.25
5.06
4.88
5.32
7.2
7.24
5.35
6.54
6.22
4.87
7.88
7.66
6.35
7.02
6.14
5.32
5.65
7.29
8.17
8.17
5.06
5.91
6.65
11.17
4.92
5.83
8.7
7.85
7.27
6.42
8.78
6.47
5.5
7.23
6.64
6.37
6.22
11.2
5.56
7.29
10.21
6.4
5.87
5.66
8.66
8.12
5.0
5.75
6.21
5.91
7.6
13.63
10.4
9.54
6.51
5.47
6.86
5.88
6.37
7.22
6.26
9.29
6.77
8.08
6.69
8.55
6.83
5.82
6.1
7.6
7.14
9.25
6.86
9.91
5.7
10.37
5.49
6.99
7.37
8.82
9.25
5.48
8.25
8.83
9.24
6.98
13.92
8.07
6.42
7.23
5.92
9.42
7.37
11.55
8.32
9.06
5.96
9.33
6.21
11.17
5.29
5.73
7.27
8.97
10.25
10.57
5.65
7.14
6.9
6.06
10.5
10.5
10.5
7.95
7.95
7.14
7.55
10.98
5.93
13.86
11.4
11.4
5.02
7.62
9.73
8.75
7.75
6.02
8.59
7.0
7.48
9.04
6.56
7.54
6.5
7.1
6.18
5.59
10.91
7.6
8.29
9.49
7.4
6.56
6.42
6.11
6.27
7.21
6.81
6.54
8.02
7.66
7.11
6.5
8.71
9.33
11.08
6.58
12.0
6.7
9.49
6.17
7.03
7.0
5.68
6.45
5.6
9.62
11.36
11.37
8.37
5.35
4.23
9.1
6.54
6.07
11.55
6.11
11.52
5.36
6.34
12.37
10.5
6.48
6.59
4.59
5.47
7.85
6.14
6.69
6.7
6.27
7.86
8.87
6.45
9.02
8.03
8.05
5.98
11.0
7.69
6.97
6.01
6.42
5.98
6.8
6.91
8.21
8.64
7.63
5.7
8.91
8.64
8.51
6.73
6.77
10.13
6.46
4.92
10.17
6.09
11.11
6.22
6.27
6.9
11.11
6.67
5.33
9.43
6.05
6.17
7.77
7.86
8.17
7.3
6.2
6.44
5.75
8.07
7.4
7.66
9.76
6.5
9.87
9.87
5.66
6.5
6.76
6.59
5.93
7.2
18.23
18.23
10.98
6.5
7.14
6.52
6.51
10.14
6.0
10.43
8.79
6.29
7.02
7.04
6.2
6.55
8.86
7.03
9.07
9.74
9.28
8.54
6.5
6.22
5.83
5.74
8.45
9.43
6.8
9.66
6.59
8.53
10.39
7.47
6.88
5.91
6.21
6.63
7.75
6.63
11.3
7.35
6.02
10.11
10.21
14.16
5.89
7.45
6.4
6.32
6.54
7.72
5.91
11.55
4.99
5.21
6.22
5.35
6.29
4.75
7.31
7.31
6.95
7.75
7.75
6.84
5.07
6.84
5.45
9.06
10.59
7.44
10.31
10.12
7.98
4.1
6.31
6.53
6.29
5.75
8.9
7.19
5.37
9.37
6.58
11.35
5.7
8.9
7.59
9.97
7.01
6.88
5.84
8.03
6.98
6.91
6.29
11.75
5.06
9.59
8.02
6.59
7.91
7.57
5.88
5.91
6.06
8.63
7.11
4.65
7.81
7.59
5.65
8.32
6.65
6.27
6.14
10.89
6.4
5.58
5.81
11.4
13.31
8.93
5.93
5.85
8.38
9.84
8.05
7.98
9.57
6.42
7.51
7.63
8.8
7.62
3.34
7.45
5.07
8.24
6.68
7.07
6.42
7.05
7.05
8.06
8.06
7.29
5.98
4.73
10.43
6.4
6.34
6.34
12.88
7.06
9.93
6.14
6.85
6.41
5.58
7.31
8.28
5.91
7.32
6.37
4.73
6.42
7.9
9.01
6.73
6.08
5.6
6.37
6.73
6.27
5.21
8.13
5.48
8.47
7.33
6.14
7.75
7.75
7.44
7.87
6.39
5.56
9.11
9.12
5.18
9.26
5.18
7.89
5.73
8.06
7.17
6.88
7.11
6.59
6.37
5.67
7.54
8.23
5.83
6.63
7.49
6.54
6.7
5.66
6.5
7.55
8.48
8.21
8.79
11.1
7.31
5.14
15.19
10.19
6.33
7.63
5.65
7.37
5.73
5.17
4.7
7.68
5.35
7.48
7.19
6.54
5.41
7.04
7.51
7.89
11.18
5.7
6.24
7.59
7.77
6.11
5.69
7.71
5.66
5.62
8.0
7.98
13.73
8.48
9.66
6.2
9.1
12.64
6.26
7.63
7.82
6.58
4.96
5.14
6.52
6.88
9.04
6.35
6.75
10.19
8.45
5.35
6.84
6.66
7.73
10.53
10.53
6.37
9.92
5.83
5.99
13.13
6.91
5.7
11.55
5.87
6.84
11.41
5.86
10.41
6.81
7.9
6.42
7.99
7.05
6.81
6.45
5.42
6.4
9.31
4.89
6.33
5.88
9.09
6.45
6.02
11.83
6.59
6.59
7.2
6.14
6.02
5.94
8.57
6.91
8.1
8.93
6.26
9.05
6.02
6.53
5.91
9.13
4.92
7.49
6.87
6.75
9.71
10.89
7.27
13.6
13.62
5.59
9.26
9.27
8.82
8.82
5.8
7.22
9.6
6.55
6.99
6.17
11.64
6.28
8.69
7.65
7.39
7.9
7.48
6.73
10.82
7.93
7.8
7.54
9.37
6.35
11.03
6.6
5.65
7.56
8.51
7.89
6.54
7.87
7.34
8.71
7.94
6.34
5.5
5.35
7.7
7.87
4.48
7.56
5.22
8.25
6.49
9.01
13.76
7.75
5.92
5.58
5.89
6.73
5.88
6.47
6.1
6.54
6.54
7.42
5.45
6.94
5.59
5.58
7.05
6.4
6.69
7.99
5.47
5.41
8.23
6.88
5.99
7.17
5.59
8.93
5.69
8.14
9.08
10.55
10.12
11.08
6.53
6.77
8.87
4.5
6.46
7.97
9.19
9.19
6.14
7.49
6.88
5.8
5.46
5.92
6.2
4.4
6.96
10.42
8.11
6.99
17.87
17.88
7.76
11.22
16.52
16.45
6.37
13.36
7.69
9.55
6.81
8.0
6.55
8.57
6.07
10.26
6.66
10.59
8.01
9.77
9.77
6.96
6.75
5.22
6.57
6.54
5.7
6.27
9.33
7.57
4.84
9.67
9.96
5.75
7.48
6.2
5.8
6.42
5.73
5.81
8.7
10.46
8.18
5.45
5.35
7.85
6.42
12.95
6.73
6.59
5.62
8.9
11.3
11.3
11.86
9.4
11.29
10.04
8.94
7.97
7.87
7.13
8.28
7.87
7.58
7.58
10.57
10.57
9.86
8.19
8.19
6.29
5.92
6.91
6.21
5.98
4.59
5.22
5.45
7.19
7.42
5.98
5.8
7.06
7.08
8.68
5.86
7.65
7.92
6.54
8.89
9.7
6.2
6.2
8.85
5.22
6.05
6.1
7.95
7.83
8.49
4.92
6.34
5.59
7.56
7.32
6.88
9.51
8.26
4.33
6.6
6.49
6.05
6.58
6.7
6.26
8.85
4.95
6.17
7.18
5.91
7.34
4.02
8.98
6.39
5.66
7.35
7.95
7.13
6.18
7.79
5.27
7.36
7.34
7.73
5.8
6.6
9.08
9.08
9.08
7.29
7.94
4.8
6.71
6.0
5.26
8.49
6.59
6.07
4.92
4.17
10.88
7.89
4.93
13.41
12.56
6.02
5.33
9.16
9.1
5.87
8.08
7.68
7.95
6.63
5.06
6.33
5.22
7.81
4.59
8.74
7.02
6.45
5.97
7.29
8.12
7.82
7.82
8.62
9.05
9.57
11.78
6.73
10.9
8.54
6.03
8.0
6.17
7.3
8.86
6.58
6.75
5.58
6.94
12.0
12.34
7.65
6.27
8.28
7.62
6.96
9.26
6.52
6.25
7.79
8.19
7.32
6.91
6.55
10.72
13.39
13.41
11.03
13.23
13.25
11.07
11.11
7.27
11.04
5.83
8.34
5.42
8.37
8.35
7.48
6.1
7.3
6.58
8.14
8.2
6.98
5.25
7.54
11.37
10.0
7.05
12.26
10.63
7.54
7.54
6.32
9.02
6.96
9.35
11.33
7.9
10.46
10.46
6.19
6.3
7.26
7.5
6.17
9.3
6.8
6.59
8.68
7.1
13.55
11.94
9.55
5.7
5.35
5.75
6.17
11.05
6.17
7.03
9.53
6.5
5.91
6.35
5.73
5.5
7.39
5.41
5.51
9.73
6.24
5.83
6.85
6.97
8.55
5.59
6.37
6.58
6.42
9.17
9.17
5.86
11.02
9.42
5.73
6.59
5.56
7.18
5.65
6.81
8.27
5.75
7.59
9.07
9.06
7.02
5.56
6.54
7.6
6.86
7.81
5.59
11.01
7.46
12.92
5.92
5.73
5.94
6.69
9.69
7.58
11.7
8.16
10.49
10.5
6.22
7.82
7.27
4.56
6.29
6.32
7.62
4.48
6.73
11.87
11.87
5.59
9.54
9.54
6.94
5.68
6.53
11.58
10.33
6.24
9.93
5.28
6.1
6.4
6.88
9.24
6.65
7.45
8.94
6.42
6.85
10.0
7.16
7.13
6.6
6.77
6.54
7.08
5.5
6.14
7.44
5.7
5.7
6.4
5.73
6.53
5.54
6.8
5.41
6.73
5.65
5.35
7.67
8.18
7.18
6.59
9.13
13.72
8.55
6.41
7.34
13.55
7.17
8.85
8.0
6.7
10.56
6.05
13.88
6.87
8.52
6.6
6.46
7.02
13.72
13.72
7.46
11.31
8.34
6.66
5.52
6.8
4.82
5.99
7.84
8.29
8.26
5.91
6.92
6.47
9.76
6.18
5.63
6.84
5.45
7.69
7.69
7.34
5.69
6.32
10.13
7.75
5.14
7.59
7.64
6.17
6.69
5.95
15.46
6.91
7.36
6.46
6.91
9.78
4.98
5.7
9.87
7.73
6.75
13.91
7.0
6.22
5.81
5.59
6.48
6.2
5.22
7.91
10.91
6.8
10.62
7.05
7.25
6.84
7.59
6.94
7.5
7.93
7.8
7.98
9.62
8.84
5.69
7.98
10.06
5.4
6.63
7.32
6.42
8.98
15.13
7.98
8.09
6.39
5.46
5.87
7.39
6.17
6.17
9.34
8.19
8.15
9.22
8.82
6.0
8.32
5.35
7.2
5.17
8.23
4.48
11.82
5.55
5.33
5.99
5.17
6.2
5.14
6.6
9.47
9.84
7.02
6.28
6.26
5.48
5.58
7.54
7.56
5.8
5.45
10.96
7.67
10.17
11.32
10.37
5.73
6.7
8.86
8.01
7.63
7.63
5.76
6.06
8.9
8.86
6.21
9.35
5.87
9.03
6.85
5.7
5.7
7.29
8.31
5.95
5.73
4.48
11.9
5.58
10.41
5.73
11.52
9.23
6.43
5.54
8.97
6.79
6.61
7.12
7.12
5.5
5.75
5.32
6.75
8.91
9.82
9.23
6.14
14.28
7.8
5.0
8.68
6.5
12.02
12.02
7.75
6.92
8.95
13.49
9.03
7.5
8.75
8.92
11.18
12.85
5.02
7.24
5.42
9.14
6.77
8.75
7.54
10.94
6.27
7.65
8.44
9.37
7.39
6.96
5.06
10.03
11.1
8.14
7.72
6.22
8.25
6.46
7.86
6.48
6.96
7.82
11.33
11.52
4.75
8.75
7.31
7.5
9.57
6.76
6.35
5.99
9.57
7.99
5.45
7.96
7.4
7.4
8.2
7.4
7.03
6.58
9.6
7.17
5.81
6.75
8.36
8.25
10.73
7.62
5.8
8.13
5.8
9.99
9.18
6.31
6.29
8.71
10.67
10.67
10.67
8.76
8.14
6.65
7.49
5.22
6.5
7.65
7.25
3.95
6.42
8.0
9.58
9.04
6.68
8.34
7.29
7.28
6.27
8.21
7.14
8.01
12.04
12.04
11.12
7.07
8.95
7.38
7.53
6.03
7.9
8.46
11.25
6.99
6.55
5.8
6.92
7.23
6.32
7.18
4.04
6.42
5.81
8.0
8.01
5.2
7.39
9.47
6.14
6.53
8.6
6.41
6.11
6.68
9.92
9.92
7.65
7.67
11.37
11.37
7.27
5.63
5.05
9.15
8.35
6.29
8.08
6.65
5.37
5.45
7.91
5.56
8.37
8.53
8.35
8.37
7.57
6.15
10.97
9.65
9.65
5.82
6.52
6.9
6.93
10.73
7.29
9.22
5.4
6.54
5.91
8.55
8.67
6.7
8.38
6.91
6.84
6.1
9.85
6.67
8.1
8.09
12.66
8.32
5.06
7.45
5.22
10.75
7.62
13.03
8.05
6.96
7.83
7.73
5.8
5.81
5.56
4.02
6.7
6.7
6.52
6.62
6.21
5.32
5.59
5.8
6.22
7.05
5.81
7.81
6.59
6.48
5.7
6.14
8.47
6.85
6.29
5.7
6.33
8.43
10.75
6.05
5.82
5.5
8.98
8.23
8.72
7.87
8.19
4.17
5.62
4.24
7.55
7.56
4.3
6.92
6.71
7.39
9.72
6.95
6.9
3.68
6.69
6.66
6.14
7.45
5.87
6.32
5.45
8.0
14.25
8.72
12.68
11.33
7.32
9.78
5.47
7.93
10.66
11.88
5.75
13.2
13.19
6.0
10.68
6.05
11.47
7.25
8.08
6.84
7.98
6.54
5.68
6.19
6.41
5.8
6.77
7.06
7.42
8.41
8.01
11.05
12.23
5.37
8.67
8.34
7.29
4.07
10.15
5.47
5.47
8.61
11.14
11.14
6.93
5.4
13.7
7.7
9.29
6.5
5.65
5.81
6.8
5.88
4.8
7.05
6.91
5.88
7.34
7.34
5.21
11.05
11.05
11.05
5.73
7.17
6.87
5.22
6.29
6.27
6.27
7.94
6.17
7.02
6.81
6.45
5.98
8.53
6.94
9.79
8.38
6.82
12.08
12.09
7.45
8.86
7.24
8.09
7.75
12.07
5.26
7.29
7.17
6.96
7.86
7.84
7.17
8.76
7.05
5.22
8.07
10.23
7.91
7.48
7.28
6.1
6.14
6.7
6.75
7.22
5.89
8.4
11.01
10.47
5.79
6.89
7.17
10.15
4.02
5.21
13.31
5.0
8.54
10.43
5.59
7.64
7.44
6.98
7.06
6.6
5.95
4.73
7.92
5.26
9.34
6.19
5.17
8.37
12.2
6.72
6.47
6.36
5.87
6.45
3.97
8.84
6.65
7.98
9.04
10.57
10.6
9.61
6.37
6.5
5.26
6.73
6.48
6.17
6.65
6.43
5.33
6.21
7.07
6.25
7.24
5.07
7.82
8.19
11.03
6.06
6.4
8.19
7.7
5.66
6.76
5.59
8.36
8.09
13.25
11.47
8.52
5.91
10.85
5.65
6.14
8.52
6.64
6.6
5.96
5.43
6.84
7.08
9.3
7.87
11.86
5.06
10.13
6.91
6.17
5.91
8.28
12.05
6.35
6.17
10.37
10.15
6.14
6.39
7.51
6.0
6.71
6.26
5.88
5.75
5.65
6.04
5.97
6.44
5.78
7.76
4.4
6.22
6.34
8.07
5.35
8.36
7.11
4.04
6.34
6.84
7.06
9.47
8.37
7.44
7.84
6.91
7.72
7.87
6.59
5.68
8.49
5.59
5.59
6.0
7.22
9.79
7.66
13.09
6.29
9.2
8.22
6.87
5.89
6.47
7.1
9.14
7.42
6.93
9.74
11.02
4.93
6.38
4.85
11.84
7.4
9.67
6.27
6.5
9.84
6.22
12.91
5.58
12.91
14.29
13.31
6.06
5.87
6.14
7.06
5.88
13.92
6.59
7.07
6.07
5.91
7.82
7.02
5.93
6.7
11.6
11.61
4.29
10.21
9.24
8.86
7.04
7.08
5.81
6.76
6.58
11.23
8.6
10.48
5.88
11.01
8.27
8.29
9.91
6.2
7.92
8.5
8.51
13.04
13.03
14.3
7.98
9.4
10.0
7.34
6.7
6.17
8.82
5.97
5.59
6.04
5.7
9.88
7.68
7.68
9.14
6.73
8.61
7.48
6.73
6.84
6.29
5.4
5.48
6.46
11.43
5.92
7.56
9.49
6.3
6.11
6.5
12.87
6.99
7.35
9.66
6.14
6.14
6.21
6.23
5.48
11.04
8.05
6.53
9.76
9.74
6.82
6.96
6.17
8.58
8.68
5.75
6.88
11.5
5.9
5.74
10.11
6.76
10.74
8.34
7.58
6.77
7.34
7.22
6.35
9.29
6.54
7.22
5.88
6.14
5.73
5.21
9.13
9.38
5.29
7.06
7.05
8.5
7.67
7.5
6.17
9.61
6.91
6.48
11.54
6.55
6.05
6.39
5.36
9.52
7.2
6.1
8.52
10.0
10.24
5.25
12.04
7.9
8.19
4.89
8.55
7.34
7.76
9.9
9.9
6.39
6.36
7.89
5.45
7.07
7.5
5.89
7.43
5.99
8.55
10.01
9.36
11.53
8.81
8.9
7.17
10.33
8.7
5.65
6.7
11.36
9.83
9.82
8.25
7.73
5.83
6.4
6.4
6.35
7.27
5.11
6.91
5.76
5.76
7.67
7.35
9.3
5.41
6.02
10.43
8.96
10.43
5.55
9.58
5.7
6.54
7.62
6.29
6.47
5.75
6.97
5.88
9.22
7.1
9.17
5.27
7.05
7.83
9.29
7.68
7.29
6.14
5.17
6.27
6.99
6.25
8.72
8.71
4.32
6.11
8.38
8.57
6.08
6.75
10.27
10.26
5.66
11.65
11.23
5.8
6.9
4.25
6.8
9.78
9.79
8.33
8.27
5.5
7.13
6.22
7.94
9.4
7.4
9.57
7.17
5.94
6.42
6.77
7.9
6.35
8.06
11.39
6.66
7.86
10.5
10.49
11.02
6.82
8.09
12.55
13.39
13.39
7.63
6.56
6.33
8.26
9.7
7.03
5.1
5.22
11.34
11.92
9.03
7.92
6.42
5.65
6.35
9.1
4.59
5.17
5.26
6.75
8.08
6.76
8.31
8.2
8.1
5.47
6.06
9.71
7.8
8.52
6.17
5.45
6.27
7.54
9.62
5.14
6.5
6.97
7.54
8.73
6.45
8.95
6.92
5.88
4.33
6.84
10.51
6.37
6.8
6.5
5.98
10.26
6.02
5.79
5.87
7.95
7.64
14.53
7.42
5.95
6.56
6.98
6.65
5.89
9.46
11.32
10.43
7.43
5.5
4.92
11.6
6.85
9.89
7.5
6.14
7.32
7.81
8.8
11.35
15.21
9.01
7.25
5.65
11.35
15.75
10.16
6.05
5.55
6.29
5.39
8.32
8.11
7.14
7.11
6.93
7.73
6.73
5.74
8.43
6.37
9.53
6.45
7.06
6.29
7.4
6.26
7.31
6.17
6.77
7.24
9.11
8.21
8.27
6.14
6.41
11.53
8.84
6.55
7.17
7.09
6.29
6.14
6.94
6.81
9.3
9.3
6.81
14.37
9.09
9.34
9.34
15.27
11.18
8.69
5.6
6.27
5.91
5.65
4.44
8.09
8.02
9.29
9.42
10.54
7.17
7.17
11.9
5.89
5.0
5.01
4.9
7.3
5.19
9.2
5.62
5.76
6.75
5.35
7.42
6.19
6.36
7.11
6.19
7.97
6.05
10.55
5.45
9.22
7.24
6.99
5.91
7.73
4.33
6.23
5.29
5.81
7.06
5.83
5.66
9.41
9.52
8.58
8.82
7.96
5.59
6.5
8.28
8.61
8.66
9.14
11.62
8.48
9.55
8.77
7.85
5.75
8.66
6.03
5.27
7.32
7.82
8.11
6.27
6.05
6.75
8.9
12.58
7.5
7.73
9.09
6.91
5.0
7.23
6.27
8.02
7.7
9.2
8.78
6.22
6.65
6.79
8.34
9.7
7.63
7.41
6.61
12.13
12.17
9.32
6.91
7.3
4.22
5.14
8.11
6.06
8.45
5.35
9.1
7.33
4.26
3.33
5.75
8.22
7.17
7.96
9.92
8.48
6.32
8.8
6.0
6.7
6.1
6.98
6.31
7.78
5.56
5.44
7.1
7.07
8.47
8.82
7.18
7.1
7.2
7.27
7.18
9.67
7.59
12.57
9.4
9.37
6.99
6.58
6.88
6.35
8.54
6.05
6.07
8.0
8.49
8.83
10.16
10.17
11.72
6.01
6.95
6.0
7.29
9.29
7.57
7.61
6.5
6.5
11.58
9.93
9.54
8.92
9.56
7.22
12.5
8.93
9.4
7.07
7.89
8.95
5.45
5.91
7.22
6.28
10.41
7.98
10.57
6.98
7.63
7.71
6.75
6.1
7.67
7.32
9.14
8.62
5.29
8.96
8.34
7.95
7.11
5.59
5.35
7.39
6.26
5.17
6.95
10.14
5.11
6.31
7.92
10.22
9.01
8.07
6.2
9.73
6.88
8.72
8.72
6.11
7.63
5.8
9.29
10.12
5.7
8.02
6.02
6.22
6.77
6.98
5.82
5.98
7.08
5.33
6.05
6.59
6.88
6.91
6.84
5.48
5.95
8.91
5.56
6.39
6.39
8.59
9.17
5.92
6.91
5.62
10.22
5.75
8.46
8.46
6.53
8.07
12.89
8.16
6.98
6.4
6.59
5.88
5.81
7.7
9.32
7.98
7.98
5.92
5.92
5.56
5.91
5.59
7.52
6.38
7.4
10.35
6.99
7.17
6.58
6.69
5.52
6.45
7.46
5.33
6.59
9.92
10.87
12.89
6.37
13.82
7.17
5.28
8.14
7.54
7.55
4.77
11.93
7.8
9.29
5.7
7.29
4.59
5.89
7.5
6.14
6.35
6.51
6.46
6.87
6.58
18.53
18.53
4.69
7.59
7.6
6.29
8.6
6.17
5.56
5.62
8.21
7.12
5.65
7.33
5.92
6.42
10.77
10.1
8.68
6.97
9.01
8.84
15.36
8.68
6.54
7.34
5.73
7.7
9.29
7.29
5.55
6.84
5.36
7.4
7.59
5.26
6.29
6.75
8.5
5.37
7.96
9.39
8.2
11.4
10.2
9.84
5.17
13.32
6.29
6.96
10.32
7.63
6.63
6.9
9.16
4.7
10.5
7.88
5.5
7.67
7.67
5.81
6.48
6.79
6.41
6.05
5.08
5.99
8.21
9.42
9.48
13.5
6.84
7.84
6.76
5.55
9.3
6.73
6.29
6.11
7.42
11.47
7.31
8.48
7.38
6.46
7.68
4.66
10.12
7.75
6.21
5.95
7.18
7.44
5.73
6.35
6.17
4.99
9.05
10.54
6.22
5.62
5.37
6.65
5.96
4.65
6.42
6.95
4.32
5.45
4.89
5.9
10.05
6.08
8.29
11.85
5.8
9.28
9.28
11.1
6.37
7.46
5.8
9.23
6.14
6.75
5.42
6.17
7.02
6.26
7.89
7.92
8.05
8.18
6.28
6.33
3.77
5.83
6.29
6.62
6.29
7.77
6.06
6.59
10.75
7.39
6.48
5.65
6.15
5.65
7.5
8.07
7.58
5.8
6.6
4.7
6.4
7.36
5.89
7.75
6.02
6.58
6.17
6.22
9.76
7.29
6.63
6.62
6.14
5.22
7.2
5.65
8.11
6.37
5.21
6.13
10.75
7.39
8.88
7.06
12.47
5.0
9.98
10.37
18.1
9.22
8.31
7.87
7.38
18.02
9.0
8.96
5.66
12.55
9.28
7.98
7.25
8.62
11.39
9.04
7.69
8.43
9.92
9.08
7.31
5.73
6.87
9.78
5.33
7.08
5.41
6.75
8.32
7.98
11.56
4.02
7.44
10.53
6.02
6.86
6.1
7.69
6.0
8.71
8.45
6.32
4.89
5.8
8.88
8.69
10.46
5.16
10.94
9.13
5.91
7.96
5.8
5.99
6.17
7.47
9.3
8.52
5.84
7.6
5.66
6.58
6.73
7.65
5.58
6.47
7.68
6.73
6.95
6.5
8.32
7.18
5.89
7.3
8.94
7.22
6.51
7.71
7.03
6.22
7.3
5.35
14.83
14.83
10.47
6.42
5.48
8.95
6.17
10.53
7.11
7.29
6.4
8.45
4.59
5.65
6.54
6.91
6.4
6.7
8.94
7.37
5.48
6.02
6.42
4.98
8.48
6.59
5.66
7.5
4.35
5.22
8.26
6.39
5.81
8.02
11.36
6.4
6.59
5.27
5.4
6.84
5.07
6.53
8.24
5.92
6.37
5.5
8.65
6.58
6.07
5.66
5.21
6.93
5.5
5.95
6.59
5.73
6.91
6.91
6.81
6.14
6.96
6.22
7.22
6.91
5.33
4.78
8.71
8.91
6.8
7.16
6.98
6.31
6.26
6.75
10.9
15.56
15.56
6.97
5.76
8.23
7.66
10.78
8.34
6.07
7.4
5.26
6.99
4.78
4.87
7.91
5.65
4.69
5.76
7.35
5.42
4.81
9.27
7.17
7.91
6.1
5.89
6.17
9.72
8.12
7.57
7.95
7.87
8.42
6.66
4.47
5.17
7.92
8.57
6.79
6.85
6.48
6.07
7.52
6.29
6.5
6.5
6.32
5.33
6.45
6.73
6.2
8.27
8.37
6.56
5.73
6.83
4.59
8.17
4.8
4.48
6.49
4.83
7.3
7.3
6.08
8.5
8.28
5.14
11.0
7.21
7.62
7.42
5.64
6.84
8.16
5.59
6.83
5.4
7.14
7.08
4.45
5.41
7.75
5.36
5.59
6.41
6.92
5.5
8.05
6.88
6.33
6.53
6.02
6.42
7.95
5.48
7.84
8.74
6.75
8.5
8.5
7.92
6.97
6.31
8.26
8.28
8.72
8.54
6.14
7.83
4.44
5.66
6.14
7.62
5.68
5.94
6.89
8.63
7.04
6.92
4.99
6.46
6.49
5.52
5.17
7.54
7.23
5.55
7.6
8.23
7.8
5.27
9.49
8.74
7.98
4.63
5.33
15.04
15.04
8.07
6.4
5.93
10.92
8.23
6.27
7.29
4.98
5.62
6.59
6.92
7.16
7.06
6.35
9.34
4.59
12.51
7.39
7.27
6.92
6.8
8.1
6.32
8.52
8.93
8.84
5.59
7.64
11.12
5.99
7.16
6.06
5.92
6.46
5.54
13.01
5.59
6.59
7.5
5.59
8.92
10.62
6.59
7.21
11.34
6.73
6.56
7.1
6.75
9.8
6.96
7.29
11.89
7.16
5.07
6.65
4.73
4.73
7.47
8.91
8.05
7.23
7.07
6.5
7.18
7.11
6.12
14.89
8.57
6.29
6.5
10.45
6.99
5.99
9.29
5.58
6.4
6.42
6.27
7.99
8.0
8.46
6.37
5.37
5.92
8.27
6.69
4.7
6.35
8.45
5.54
7.31
5.7
6.37
5.55
5.45
7.71
5.51
6.14
5.21
10.14
7.32
8.0
7.0
10.9
8.34
6.73
4.8
9.11
10.03
7.47
4.37
7.75
6.59
10.82
6.8
8.2
4.37
5.33
4.75
7.75
6.59
4.11
4.79
7.22
5.91
8.06
6.14
6.63
5.26
7.84
7.48
8.77
5.41
5.68
7.36
5.17
6.24
12.25
8.43
8.02
6.78
7.24
6.66
7.38
6.78
9.89
6.02
7.63
10.97
10.97
6.92
8.06
12.67
6.59
5.21
10.56
6.99
6.0
6.75
7.96
10.09
6.3
5.56
6.17
11.1
10.82
6.68
6.71
9.23
6.6
6.88
7.84
6.39
7.1
5.77
7.07
6.45
6.42
9.08
8.44
10.22
7.32
6.0
6.11
8.23
6.03
4.87
6.7
8.34
7.97
7.91
6.78
11.87
8.01
8.07
7.51
6.02
7.14
6.37
9.78
5.33
6.08
7.05
8.54
7.0
6.65
6.22
6.7
5.17
6.29
9.29
8.14
9.39
6.0
7.17
6.81
9.17
7.35
4.97
6.76
5.82
6.8
4.89
8.76
4.35
7.81
7.0
6.14
6.77
7.91
4.88
4.77
6.87
6.19
6.48
10.05
5.7
5.24
5.17
9.7
9.7
7.11
8.91
5.02
6.99
10.32
7.27
10.08
6.73
6.47
5.47
5.41
8.9
7.82
5.8
6.06
5.79
5.76
6.05
9.31
9.95
7.29
6.22
8.73
8.88
6.5
6.67
11.53
11.53
7.16
5.82
6.9
8.94
9.93
8.33
7.17
6.92
12.83
12.91
5.48
9.13
7.45
6.26
7.02
9.13
7.0
8.53
6.2
9.06
6.54
5.0
5.73
4.99
7.59
10.49
5.26
6.84
10.88
11.42
7.23
7.62
5.65
6.59
9.83
5.65
7.76
8.12
6.02
7.03
5.73
5.32
6.32
8.98
8.86
10.04
5.8
6.77
7.68
5.31
11.01
11.11
7.1
6.52
10.5
10.71
10.29
7.1
11.4
6.1
7.91
5.73
6.67
5.55
6.66
5.47
13.6
13.63
8.0
5.91
7.09
4.93
6.22
6.25
6.75
10.08
7.73
6.58
7.68
6.82
7.83
9.71
8.98
6.14
8.47
12.28
6.88
9.59
5.92
6.51
9.45
6.7
7.13
7.4
8.54
6.35
5.46
7.68
8.17
5.02
6.7
6.99
5.11
7.34
13.44
8.03
7.98
5.98
5.98
7.91
6.6
7.84
5.56
5.31
5.89
7.02
7.91
8.32
7.5
19.47
8.58
8.14
7.08
7.2
9.98
6.59
5.89
4.89
6.77
6.76
7.35
5.22
7.83
8.05
12.51
5.22
4.88
6.94
6.65
5.8
6.65
5.5
6.14
7.2
9.1
9.29
9.27
8.49
12.74
6.45
8.93
6.42
5.81
5.47
6.65
8.51
5.66
6.22
4.58
7.84
8.82
5.94
6.59
6.45
6.5
5.22
7.61
5.65
5.56
4.59
6.92
6.92
6.6
5.73
7.73
5.55
8.61
8.27
6.63
6.32
13.44
9.5
9.48
6.6
8.89
6.89
6.56
6.16
5.22
7.34
12.93
5.32
9.98
6.1
5.59
6.08
8.86
8.12
6.23
5.07
4.73
9.11
9.33
14.34
9.02
7.42
7.42
6.29
12.3
10.99
13.52
11.21
7.12
12.05
6.27
11.85
9.49
6.54
8.91
5.17
12.8
5.8
6.73
11.56
6.59
6.41
6.02
6.83
9.09
12.67
5.65
5.83
7.06
10.34
4.81
9.56
7.15
6.06
6.06
4.96
6.94
9.39
5.84
6.14
4.99
7.17
5.94
6.77
4.91
10.5
6.98
7.26
8.16
6.07
6.65
7.84
7.14
6.08
4.58
6.96
7.49
7.51
7.22
7.75
11.71
7.66
6.99
9.57
8.75
7.46
6.22
4.83
10.25
10.24
16.27
9.2
6.52
8.16
6.05
6.05
9.78
6.96
6.76
10.73
6.39
7.68
6.66
11.9
11.85
8.22
6.48
8.63
8.48
7.37
6.68
7.63
5.59
6.37
6.58
9.44
6.84
10.75
6.59
10.55
8.47
5.42
7.24
6.25
4.89
8.14
9.34
10.33
5.99
6.41
5.55
6.91
6.17
8.13
7.73
9.9
6.21
6.21
6.99
8.85
6.32
5.02
7.4
6.4
8.64
6.76
9.18
6.76
7.11
6.14
5.89
10.41
6.4
13.49
9.18
12.53
12.51
11.89
6.4
7.43
7.67
6.41
7.39
9.98
6.05
5.68
5.68
5.41
8.77
6.7
6.22
8.52
9.93
6.29
5.88
6.35
7.32
7.46
6.14
7.8
8.59
6.06
6.33
6.33
6.79
7.25
11.0
5.91
6.42
5.96
8.75
6.02
4.7
4.63
9.76
6.63
6.5
5.88
6.18
6.98
5.59
6.82
4.35
6.62
7.05
8.34
8.34
10.82
8.11
5.75
8.08
9.63
7.4
6.42
6.89
9.23
5.7
10.35
7.84
5.06
6.84
8.27
7.21
8.81
6.69
7.52
7.17
5.65
7.8
8.11
7.07
6.51
9.4
7.79
7.5
10.22
6.1
5.95
7.1
11.97
11.86
6.96
7.17
6.85
4.48
9.79
7.98
8.06
9.5
7.87
10.57
7.06
7.69
5.42
4.89
6.67
6.93
5.62
6.21
8.31
8.45
5.84
10.25
8.81
5.33
10.53
8.82
7.84
6.87
8.52
12.48
5.22
13.46
8.77
6.67
8.72
8.72
12.03
5.25
7.31
5.92
6.0
10.49
6.18
5.89
10.52
10.52
6.59
8.76
8.42
6.56
12.38
5.34
10.13
5.17
8.54
8.55
5.4
5.87
6.29
6.29
6.54
6.17
6.92
10.02
5.7
10.13
7.27
9.3
6.0
6.43
4.7
6.37
6.21
15.58
15.58
11.28
11.1
5.65
5.65
5.07
10.27
11.67
9.64
9.65
10.0
9.99
6.27
8.17
7.66
7.4
7.42
6.32
6.17
6.45
8.08
6.35
6.64
5.02
7.79
8.02
7.42
7.4
6.29
7.81
6.54
7.83
7.88
4.95
6.03
7.73
7.68
6.41
6.56
6.62
8.18
6.42
5.51
6.11
7.84
9.85
7.75
7.85
6.31
6.13
6.59
8.59
10.03
7.95
5.19
6.05
6.63
9.18
6.7
7.59
5.59
6.1
6.65
7.37
4.65
11.26
10.7
5.7
6.87
9.59
6.51
8.37
6.14
6.5
9.47
6.88
8.93
5.55
7.29
5.88
7.94
7.64
7.66
5.79
5.91
6.47
7.31
5.27
9.39
8.01
8.82
5.91
5.82
7.14
6.91
6.14
11.4
6.14
5.87
6.62
6.55
7.14
6.51
5.64
6.1
9.76
6.77
6.76
5.53
5.53
6.27
12.28
6.51
6.37
7.5
8.11
4.0
5.2
7.62
8.57
8.29
8.19
7.41
11.76
6.17
13.1
12.1
6.17
6.24
5.83
5.93
14.02
6.22
8.1
7.82
11.57
9.96
9.8
6.83
8.96
7.06
5.28
8.97
6.76
5.91
5.57
10.15
10.24
7.39
5.35
7.65
7.57
7.02
8.45
9.2
5.32
10.55
6.75
7.29
7.98
5.65
6.76
8.71
13.53
7.86
5.91
9.12
5.42
12.98
12.34
8.8
6.23
6.23
9.19
6.85
8.99
13.58
14.6
11.55
5.0
5.38
5.57
8.99
10.98
11.74
7.68
5.55
6.91
8.25
9.35
9.27
10.99
7.06
6.22
7.97
10.05
5.59
5.22
9.09
6.85
6.81
6.07
4.77
13.92
13.93
5.37
7.91
7.14
14.68
9.2
11.59
11.57
5.37
6.35
8.86
5.75
6.88
8.82
9.37
11.29
7.5
6.78
5.49
5.17
6.69
7.24
7.4
6.6
6.7
8.03
8.4
6.79
12.48
8.39
13.47
5.75
6.75
7.54
6.98
12.98
4.73
14.11
14.09
8.4
7.62
9.03
7.29
6.96
6.92
9.82
9.78
9.06
7.06
6.17
6.27
6.41
6.9
8.13
5.7
7.39
5.92
7.7
10.2
6.4
8.65
9.95
7.88
7.76
8.81
7.31
8.15
9.57
7.32
6.42
4.08
10.46
10.45
7.51
5.29
11.34
7.65
5.83
5.93
8.05
5.4
6.51
5.98
7.34
7.52
11.09
11.95
6.59
7.55
14.78
12.19
12.18
8.57
11.44
16.07
16.13
9.49
7.83
5.06
5.28
6.11
7.44
5.55
6.18
6.65
7.85
6.99
5.59
6.22
5.65
6.29
8.16
4.91
8.14
5.14
5.4
12.61
5.92
5.98
4.73
6.84
6.65
5.91
10.89
5.4
5.65
5.73
4.56
7.11
9.4
6.08
6.59
7.81
6.66
9.3
10.67
9.17
15.55
15.46
6.37
7.05
8.46
5.33
9.98
17.37
5.14
5.47
5.58
5.69
16.07
16.13
7.21
4.16
6.96
8.76
6.56
6.4
4.35
5.52
12.98
5.92
5.7
7.35
8.49
7.58
6.65
8.39
7.11
7.93
8.55
8.56
8.73
5.91
5.65
10.94
7.25
9.2
9.19
15.31
5.98
7.11
5.8
7.05
7.5
7.03
5.73
6.43
6.19
11.4
11.4
5.8
11.4
6.22
7.73
7.11
8.05
5.62
8.49
6.06
6.27
7.62
5.74
10.11
7.87
9.48
6.63
5.06
6.02
7.5
7.9
6.8
9.42
6.94
7.29
7.25
6.8
8.3
7.02
6.71
6.54
6.17
5.5
5.21
9.9
5.48
8.54
8.54
7.42
5.42
8.57
7.29
5.8
8.52
3.83
6.98
7.58
10.35
10.36
6.93
4.56
7.56
8.11
10.14
7.78
12.35
4.81
3.63
4.75
7.17
5.81
6.88
6.14
5.8
8.29
9.85
5.56
9.14
6.59
10.73
10.63
8.92
8.17
5.59
7.23
5.75
5.75
6.08
9.88
7.05
8.31
10.45
9.97
7.6
6.32
6.0
7.32
7.73
6.65
6.84
7.17
7.1
7.58
5.59
7.68
6.99
5.75
6.55
7.43
6.35
7.14
12.3
5.35
9.55
10.04
7.7
6.79
6.06
5.14
5.14
7.17
6.14
4.06
6.3
6.98
5.59
5.95
5.5
4.81
5.73
6.31
5.32
6.73
6.54
7.39
5.69
5.6
8.66
6.7
5.41
5.7
6.4
5.33
6.75
7.14
9.61
11.11
8.95
5.14
9.27
9.27
7.5
5.9
4.8
8.76
9.66
7.5
9.66
7.29
6.22
8.4
6.74
6.07
6.17
6.48
6.47
7.73
8.0
5.5
6.54
6.84
14.42
10.24
13.43
13.43
9.0
6.45
8.31
7.37
4.92
5.41
6.2
6.92
7.55
6.42
6.29
5.73
6.59
5.22
5.5
6.26
8.18
6.25
5.47
10.46
6.4
7.05
11.12
4.7
5.65
6.6
9.18
21.39
9.06
7.15
6.7
8.12
7.73
6.56
5.54
6.01
7.35
11.81
6.29
6.39
8.65
7.01
8.29
7.82
5.55
8.94
9.58
6.74
8.13
4.83
7.24
6.51
4.33
6.4
7.05
7.95
7.82
9.56
7.01
6.59
5.19
6.65
6.17
13.18
4.89
8.71
7.05
7.65
10.61
5.32
9.23
6.42
6.22
6.11
9.59
6.21
8.95
5.98
5.17
8.5
8.09
8.36
7.86
9.8
9.32
6.35
5.95
7.29
5.5
9.1
5.14
6.14
5.4
5.4
6.25
6.14
6.64
7.4
7.29
5.83
6.48
6.42
8.86
6.37
5.73
7.79
5.06
5.39
6.17
7.82
8.67
5.59
6.94
12.26
7.98
5.7
6.54
6.14
4.58
5.41
5.06
5.37
6.31
6.08
6.59
8.89
5.9
6.02
9.23
6.0
5.22
7.4
7.5
13.01
9.24
10.58
7.93
5.8
6.48
5.36
6.17
10.41
6.8
7.75
5.65
7.42
5.92
8.8
7.97
5.97
5.33
7.56
7.67
6.1
5.28
6.54
9.11
9.82
8.82
7.37
8.54
9.05
5.41
8.61
5.65
6.29
9.3
7.85
9.78
7.49
7.77
5.33
7.68
8.94
7.9
6.3
5.29
5.63
4.59
7.19
10.03
6.51
7.85
6.77
7.11
9.74
9.28
6.42
7.91
6.82
4.3
7.04
7.04
5.8
8.76
8.64
7.69
8.4
6.91
5.87
11.91
7.98
7.09
6.4
10.16
6.75
5.29
5.91
7.16
8.34
8.32
8.03
8.03
7.1
7.02
6.83
4.75
6.41
8.69
8.45
11.35
10.49
7.23
8.65
6.08
6.2
7.56
9.57
6.5
7.22
6.11
6.0
5.49
4.41
5.89
5.59
6.8
7.05
8.22
5.98
8.08
7.23
6.08
8.45
7.25
10.16
11.11
7.56
5.66
7.62
7.75
6.41
6.51
6.54
7.42
8.16
11.22
10.39
9.51
6.06
6.7
5.88
7.03
8.91
5.65
5.91
7.83
7.57
8.02
6.68
6.27
7.36
13.13
14.76
6.07
10.09
6.08
6.21
7.7
6.89
7.96
5.91
7.73
4.65
4.65
6.5
9.36
10.81
10.81
7.92
5.88
8.01
11.15
5.33
6.46
6.62
10.19
5.07
10.65
6.64
9.0
5.45
9.41
7.5
7.39
7.27
8.17
13.19
5.87
7.24
7.3
6.14
5.21
5.28
6.73
5.82
6.68
6.92
6.29
6.22
6.57
4.94
6.39
10.86
6.6
8.23
7.2
6.54
6.98
8.17
11.29
6.98
6.76
5.92
6.73
6.8
8.4
9.29
8.36
4.75
8.0
5.56
5.42
5.42
7.49
5.7
10.29
7.84
6.14
7.25
9.29
9.29
5.65
5.21
5.88
4.91
7.08
7.86
8.05
5.33
5.85
7.72
5.37
5.87
6.32
5.22
5.98
5.22
7.98
6.1
6.58
11.84
11.83
13.81
13.82
5.25
9.26
8.03
7.22
9.6
5.02
5.66
10.0
7.69
10.9
11.58
9.08
9.26
7.16
10.75
8.28
6.7
9.01
6.49
8.37
6.5
10.36
7.35
8.51
6.75
7.27
6.88
5.75
5.75
6.81
8.62
6.71
5.26
6.47
5.87
4.17
7.61
7.59
5.8
12.41
5.58
6.42
8.15
5.75
12.18
6.81
10.46
8.81
6.1
10.41
8.9
5.99
7.17
5.56
5.97
5.05
7.38
6.29
6.56
6.26
6.34
5.75
8.15
8.63
8.68
7.8
11.34
8.55
6.01
6.63
6.63
7.73
7.72
10.73
9.69
10.69
14.66
12.04
6.17
8.26
9.3
8.62
5.11
8.05
5.8
9.58
7.23
5.47
6.91
10.23
6.54
9.19
7.8
6.5
7.93
7.23
5.81
6.66
6.07
6.82
6.98
6.35
8.15
6.2
10.05
6.08
4.96
11.34
7.46
6.25
6.31
6.17
9.12
8.56
6.96
6.38
7.98
6.94
5.22
9.81
6.98
7.86
8.03
9.31
6.7
5.59
6.21
6.14
5.42
5.14
11.23
7.33
7.21
7.5
5.91
5.99
4.21
5.07
5.66
6.77
5.32
5.56
5.65
6.98
7.96
8.49
7.96
13.61
4.52
13.85
7.92
7.13
8.51
11.55
6.65
8.8
9.1
5.12
11.13
10.92
6.97
5.7
12.28
6.17
7.07
8.42
5.16
6.17
7.66
5.8
6.54
7.75
7.75
7.08
7.94
8.08
7.08
7.08
9.19
8.08
12.6
7.02
5.59
9.69
7.21
10.7
8.9
9.43
9.8
7.58
10.28
8.5
9.31
4.92
5.62
7.22
7.5
6.6
6.91
5.93
6.76
9.0
5.78
8.61
10.3
5.41
5.41
5.91
8.12
5.95
6.68
10.39
6.78
6.78
8.62
4.87
6.91
6.42
5.91
6.1
7.96
5.91
6.19
6.5
5.53
12.71
12.71
7.57
7.57
7.51
5.98
7.56
5.77
7.66
7.11
8.57
7.48
7.06
7.46
7.24
9.98
12.86
6.75
5.77
6.98
6.14
8.72
11.59
3.35
8.89
8.95
5.14
6.58
5.56
8.23
6.78
5.42
8.5
9.24
5.26
5.88
7.38
6.19
5.98
5.82
5.95
6.76
6.29
6.42
6.48
8.14
6.96
6.74
6.65
7.64
8.05
6.25
4.92
4.75
10.53
10.53
7.29
9.13
6.07
9.52
4.89
6.36
6.36
5.24
6.67
8.16
6.59
5.73
6.06
5.59
7.36
7.94
8.05
4.48
12.35
8.61
7.8
5.83
12.39
9.57
9.97
9.24
6.6
7.92
9.65
6.17
5.06
9.01
8.56
7.05
10.07
5.87
5.91
5.65
7.05
10.54
8.82
5.21
8.01
8.01
9.71
8.44
6.76
6.87
7.94
6.95
8.69
13.3
5.98
6.4
6.26
11.63
11.63
6.87
11.43
7.54
5.7
10.99
7.47
5.91
5.35
10.39
10.24
10.24
8.45
6.58
6.19
5.14
6.73
6.27
5.58
5.59
7.92
8.33
8.34
5.59
9.74
5.46
6.86
9.37
7.17
7.26
6.79
5.99
5.83
6.76
6.29
13.24
13.01
6.56
5.14
7.43
7.77
7.96
7.5
7.5
6.87
5.76
7.73
6.51
5.98
8.18
6.65
6.4
6.6
8.14
5.6
7.92
6.22
6.29
6.39
5.76
10.74
9.46
11.59
6.45
8.95
10.37
7.29
9.17
11.13
7.17
11.42
5.45
5.97
5.97
9.46
7.7
7.79
7.36
8.94
8.34
8.25
7.88
8.39
5.92
7.98
6.46
7.68
6.64
6.59
6.6
7.9
7.07
8.63
8.17
7.36
10.63
7.08
9.15
6.27
11.5
7.02
9.71
9.99
6.57
7.08
8.45
5.98
6.83
5.65
6.5
8.23
7.01
5.43
5.43
5.73
6.0
5.85
8.34
8.85
16.32
16.19
17.12
12.65
12.66
9.46
10.9
7.23
5.17
10.04
7.29
17.33
13.16
13.22
13.18
13.3
11.15
7.07
6.84
7.08
7.85
8.52
7.63
6.05
6.59
7.25
9.6
5.51
5.5
7.29
7.84
8.21
7.98
10.36
7.65
5.87
6.23
12.95
7.91
7.21
7.41
9.96
6.7
7.9
10.51
7.7
10.51
10.35
7.27
7.27
13.93
5.35
9.63
5.83
9.03
5.83
8.76
5.59
6.0
9.56
7.62
6.29
10.24
5.57
10.22
13.51
7.23
6.37
8.39
6.5
7.65
6.2
6.79
6.5
5.14
6.59
5.59
8.45
6.14
6.93
8.18
8.91
5.56
7.55
14.59
6.59
7.46
5.86
7.87
7.7
4.97
4.79
8.0
7.66
8.02
6.76
4.95
11.02
6.08
7.87
7.5
6.97
6.85
10.22
8.68
4.99
7.34
8.39
5.22
7.24
4.0
7.45
7.51
8.62
8.86
5.48
7.17
10.17
11.15
11.15
7.07
5.74
8.38
7.15
7.51
6.6
7.05
11.18
5.45
7.0
5.86
6.17
7.39
5.42
6.02
8.72
7.59
8.28
6.4
6.29
5.95
7.96
6.56
6.12
5.8
8.55
5.48
7.67
5.83
7.37
5.59
11.61
8.66
8.87
7.56
8.63
5.17
8.69
5.88
7.98
7.98
7.11
6.6
6.43
8.38
7.34
6.73
6.73
8.2
9.62
8.96
6.91
7.55
7.11
5.74
7.4
6.14
5.73
7.29
8.1
9.55
10.2
6.56
6.59
5.59
9.57
9.59
6.14
9.02
5.84
8.64
6.25
8.99
7.42
10.97
6.77
5.35
6.65
8.34
8.19
9.24
12.2
6.7
8.68
6.59
7.04
8.81
9.8
8.4
6.59
5.14
6.86
7.68
5.26
5.45
5.0
6.27
7.76
6.42
5.93
5.93
4.29
5.94
5.33
7.6
7.7
6.6
5.95
6.42
6.22
8.04
7.05
7.36
5.91
6.41
6.41
6.17
7.5
9.55
7.68
8.51
9.36
6.7
8.23
8.52
10.62
10.82
7.02
5.62
7.97
7.89
6.28
6.33
8.54
6.76
7.27
5.99
5.95
6.5
8.06
7.49
9.22
9.22
6.22
5.66
6.69
6.92
8.01
7.19
5.8
7.66
6.05
5.4
5.45
5.45
6.92
7.7
7.25
8.42
6.5
7.63
12.43
7.63
6.08
5.27
8.62
5.57
6.92
8.23
8.23
6.58
8.17
8.3
7.6
6.27
10.32
10.33
9.47
8.15
9.29
6.86
7.38
8.8
7.29
10.07
6.35
7.98
9.35
6.05
7.75
12.6
5.88
7.08
5.93
6.27
7.64
5.0
5.4
10.4
4.25
9.1
6.36
6.25
6.35
7.25
5.8
4.75
4.88
8.39
5.56
6.41
6.51
9.28
5.91
7.35
6.17
6.17
7.34
7.34
8.12
5.6
5.37
6.5
6.02
11.47
4.64
6.57
10.73
10.73
6.61
14.51
5.73
15.88
7.52
7.54
5.73
7.05
6.39
8.33
8.93
6.65
7.43
7.05
5.81
8.78
8.63
8.63
6.59
5.98
6.86
8.89
5.98
8.24
6.49
7.81
7.76
5.54
8.81
9.98
5.65
4.7
8.11
9.94
9.94
6.34
7.53
7.29
6.88
5.85
8.34
6.29
4.87
6.02
10.75
9.29
6.47
8.12
7.41
7.48
11.06
11.63
5.8
6.75
6.02
5.32
6.32
7.48
9.03
5.58
5.7
5.58
7.11
7.05
5.33
8.16
6.14
5.87
6.68
6.87
8.26
6.77
7.14
12.86
5.66
6.33
5.3
7.69
10.61
8.01
6.84
10.44
10.15
6.69
5.59
5.66
6.17
9.14
15.12
6.68
6.05
6.1
6.48
5.5
6.8
5.92
5.92
6.35
9.46
6.42
7.9
6.7
6.42
7.32
7.63
8.93
7.35
8.2
6.14
10.32
12.91
6.96
6.12
4.41
8.32
5.89
9.88
11.49
6.92
9.12
4.84
6.21
6.47
7.91
9.83
8.29
4.59
6.27
5.35
6.58
6.58
8.32
5.35
9.93
10.99
5.65
5.65
11.66
9.95
10.02
7.04
8.53
6.66
5.8
4.81
7.05
7.22
7.1
6.58
6.59
6.51
4.65
8.87
8.53
5.38
9.67
5.8
7.14
7.67
6.7
8.19
8.21
12.2
13.4
7.76
7.85
6.42
7.9
7.71
8.01
6.21
11.71
9.14
10.29
10.18
7.18
10.27
4.91
7.71
4.83
5.85
5.85
11.4
10.79
7.36
8.84
6.51
8.54
5.22
9.95
9.95
5.99
12.65
8.37
13.39
13.48
10.06
7.36
5.56
7.28
6.84
7.47
6.63
17.18
17.17
7.67
7.99
10.07
11.03
11.02
7.54
8.18
8.2
11.38
16.87
6.22
6.33
13.66
11.28
7.84
7.29
6.5
4.06
6.05
6.39
6.46
5.88
5.22
6.14
7.02
7.72
6.21
5.82
6.33
12.31
6.06
6.98
5.59
6.11
5.28
7.05
6.28
6.99
7.57
6.0
10.19
7.04
8.03
15.01
7.7
6.56
8.39
9.99
5.99
7.34
6.29
6.14
6.95
11.59
5.59
5.89
6.4
9.34
6.41
6.01
6.11
6.5
7.02
7.17
4.25
13.65
6.31
11.07
12.54
6.73
5.84
7.11
16.01
16.46
7.93
5.98
9.9
6.76
7.07
5.73
9.98
6.91
9.5
12.18
5.3
10.35
5.98
8.29
5.33
6.91
6.2
7.91
5.06
5.17
5.69
6.59
6.23
8.55
8.55
5.89
6.08
8.62
6.17
5.58
6.92
9.66
9.66
9.87
6.22
7.01
6.17
7.82
5.48
11.38
6.96
10.13
6.96
10.23
8.77
8.77
7.34
7.34
9.37
9.38
5.0
6.0
6.29
7.19
6.5
5.35
6.6
6.83
6.4
6.56
7.39
7.1
5.36
6.14
7.71
10.36
7.8
10.46
6.07
8.17
10.95
7.94
4.87
7.77
5.35
7.65
7.14
6.68
6.76
5.76
6.7
5.93
6.59
5.85
6.67
4.76
5.45
6.2
4.37
5.95
6.94
6.85
4.56
6.39
8.95
7.37
4.42
7.47
8.25
8.84
6.96
4.56
6.22
5.55
5.65
4.7
7.59
5.21
6.17
6.98
10.52
8.85
8.21
5.29
7.07
6.2
9.76
10.03
10.45
10.44
7.14
5.98
8.05
10.51
7.14
7.61
5.19
5.65
6.7
7.05
10.27
6.48
7.24
6.65
8.63
9.56
6.99
6.55
7.99
5.32
7.17
6.29
7.59
6.05
6.91
12.43
8.4
7.69
6.65
6.58
5.95
5.82
5.91
6.46
16.37
9.7
7.82
8.28
8.98
7.98
9.15
5.91
8.28
11.78
11.52
18.1
8.73
14.05
5.22
11.25
4.21
6.45
5.4
10.92
5.17
5.75
6.05
6.11
7.29
7.12
6.14
8.27
8.11
7.07
5.89
6.62
6.62
6.29
6.29
10.76
6.14
6.5
6.22
7.87
8.83
5.73
5.17
9.78
6.41
7.64
4.22
8.49
5.48
8.04
5.59
8.92
7.59
5.8
8.9
6.27
5.88
5.17
6.41
7.39
9.59
6.14
6.6
5.37
6.29
4.66
6.83
5.65
5.41
9.87
6.46
7.4
6.1
10.85
10.85
8.56
7.71
4.75
5.06
6.41
7.17
7.67
10.02
8.29
7.53
5.71
6.62
8.82
10.0
7.37
8.52
6.77
7.22
6.87
6.17
6.54
6.17
6.84
5.91
8.08
8.96
5.84
5.79
6.79
8.15
5.69
5.62
5.73
15.98
7.17
8.35
4.55
6.98
9.07
6.21
8.01
11.52
11.52
6.88
7.0
7.36
6.6
6.21
11.61
8.88
8.86
6.58
6.25
6.25
10.27
7.09
9.19
6.7
7.89
5.75
4.89
6.75
8.42
8.49
7.5
4.88
5.99
5.91
6.5
8.42
5.48
7.7
5.41
6.67
5.37
7.78
7.59
6.56
5.17
4.06
5.65
5.66
5.46
4.33
8.03
5.32
5.77
7.59
7.81
8.25
5.98
6.17
15.34
8.24
6.29
6.32
6.91
8.7
9.29
10.07
11.32
5.31
7.79
5.56
5.65
5.98
6.11
6.14
5.85
6.75
8.76
6.17
5.89
7.75
6.88
5.8
14.44
14.04
5.55
6.91
6.8
6.8
6.32
6.59
6.61
4.65
6.84
11.05
12.55
8.04
8.79
10.91
8.2
7.71
7.17
6.48
7.48
10.17
6.17
8.88
6.89
10.66
5.59
6.7
6.59
7.22
7.31
5.32
5.17
5.07
9.28
4.65
11.11
6.35
6.0
11.66
6.85
9.39
7.19
7.04
8.33
6.11
6.1
4.91
6.53
8.19
7.29
5.81
6.26
5.75
5.47
7.38
6.91
5.22
6.75
5.79
6.39
5.98
16.95
6.84
7.56
7.38
7.27
10.06
5.74
6.36
6.18
10.4
8.65
7.19
5.98
6.33
6.41
7.81
7.15
7.3
8.15
9.05
11.12
7.66
8.74
8.26
6.82
7.17
7.29
7.35
9.25
5.62
4.73
6.91
7.63
7.7
6.7
10.16
8.4
6.35
6.4
7.05
6.76
10.94
6.59
7.21
6.42
6.14
6.5
6.19
5.31
5.11
7.85
5.26
9.87
5.5
6.0
7.48
6.39
6.4
10.84
6.35
10.2
8.02
5.59
9.31
9.06
6.13
4.99
9.76
19.51
7.51
7.55
8.64
5.72
5.69
12.01
12.0
10.09
6.26
7.5
6.87
6.54
7.19
13.75
7.95
7.34
7.92
7.41
9.22
8.08
8.94
5.52
4.95
14.74
14.74
15.71
15.7
8.46
6.11
11.07
5.86
6.96
6.3
6.22
5.62
5.39
6.47
10.05
6.67
5.59
5.65
6.51
6.42
6.73
7.32
5.87
5.14
5.41
5.41
6.59
5.32
8.49
13.29
7.6
6.48
5.22
7.14
6.39
5.59
6.35
7.02
5.73
7.4
6.62
7.49
9.22
7.17
6.6
13.41
6.68
5.66
6.4
6.08
4.22
6.96
10.63
7.67
6.75
7.06
7.82
11.88
9.67
6.8
7.57
4.48
7.38
7.32
6.14
7.08
6.64
5.41
8.01
15.03
4.61
16.64
16.64
10.88
9.22
6.03
5.37
5.58
6.58
9.96
6.47
6.85
7.59
5.41
6.6
8.11
9.11
5.75
8.19
5.87
7.59
7.02
5.87
8.46
6.4
7.6
7.6
8.63
5.8
7.79
5.89
13.62
7.3
7.46
9.18
5.83
7.76
6.85
5.55
9.05
7.98
8.84
7.54
5.8
7.6
6.72
6.7
6.91
6.98
7.45
5.26
7.18
8.17
7.81
6.73
7.02
5.55
7.17
6.07
6.17
5.99
6.14
7.79
5.21
7.43
6.4
5.91
13.04
6.07
5.65
11.98
6.17
4.7
5.94
7.73
5.59
4.77
5.59
5.91
5.78
6.17
8.22
5.98
6.44
8.47
6.33
8.34
6.41
9.0
12.58
7.45
6.21
6.27
7.07
6.46
8.37
8.37
6.6
4.8
9.89
5.93
6.45
6.69
6.17
6.42
9.0
6.86
5.91
12.44
6.5
7.37
10.88
10.5
7.39
7.11
9.54
5.35
5.66
5.09
10.95
5.75
5.9
5.9
7.68
7.68
6.84
5.77
6.14
5.75
6.75
6.89
5.56
5.7
7.93
4.99
6.77
7.98
6.1
6.54
5.11
6.49
6.49
8.38
5.7
5.91
5.91
8.68
7.51
8.4
8.82
6.29
6.6
9.98
6.03
6.73
7.3
7.87
3.78
4.73
3.97
6.62
7.14
7.4
7.27
10.58
5.99
7.58
7.75
6.3
11.61
11.61
5.81
6.73
11.42
7.61
7.68
10.71
8.76
8.28
8.21
14.15
14.15
9.97
7.35
7.35
8.58
8.12
8.17
6.76
5.59
5.98
13.9
13.9
7.95
6.54
10.39
12.57
15.06
17.43
13.99
7.45
16.18
11.28
8.74
8.4
5.17
10.17
9.45
6.41
9.26
10.06
9.03
6.98
8.17
5.6
5.5
6.51
5.06
6.66
5.35
8.84
5.0
6.07
7.4
7.4
7.02
7.24
3.98
6.78
4.81
8.79
9.41
6.6
5.88
6.7
6.29
8.01
6.89
6.71
7.14
7.57
6.25
6.83
5.4
8.13
8.38
4.99
6.84
6.42
7.39
8.13
7.96
5.4
11.75
6.57
9.09
8.26
9.14
4.98
5.7
4.88
6.54
6.99
11.22
7.16
6.26
5.26
7.23
7.44
7.03
7.29
6.7
8.77
10.9
10.18
5.14
7.05
7.29
5.92
8.57
5.65
8.57
10.9
9.1
6.57
14.87
4.7
10.63
5.91
11.17
11.2
9.28
13.69
6.21
8.84
6.19
8.08
8.88
7.95
5.42
4.41
7.85
6.49
6.84
7.23
7.22
8.59
6.95
7.96
5.91
8.5
7.65
7.8
8.14
5.65
8.48
6.07
7.29
7.17
7.57
7.96
5.68
7.11
5.26
7.9
5.59
8.25
5.47
3.31
7.72
6.35
6.8
7.36
12.21
12.22
12.21
10.86
10.86
5.59
5.88
7.21
11.94
10.49
4.48
7.73
5.67
8.77
8.63
6.14
5.7
6.91
6.78
5.7
6.13
7.33
11.1
8.38
6.39
8.56
4.93
6.65
6.76
7.87
5.29
6.34
4.65
6.32
7.11
8.83
4.95
7.06
5.6
7.05
10.69
10.76
8.1
10.35
5.98
5.75
7.35
5.32
7.02
7.59
8.05
7.31
8.07
5.41
9.56
7.77
5.32
7.22
8.08
8.08
8.08
9.16
8.29
7.25
9.59
6.62
4.92
7.62
6.29
5.86
8.02
8.23
10.03
6.92
15.92
12.5
5.35
6.48
10.93
5.56
6.06
6.28
6.28
8.0
7.59
5.41
7.02
9.02
9.22
8.4
7.32
5.95
7.41
7.67
6.67
6.63
6.0
8.31
10.42
7.33
6.65
10.31
6.96
5.65
6.66
10.24
12.2
12.2
3.89
7.34
5.58
8.28
7.42
5.33
10.75
5.7
6.74
4.73
6.62
6.05
8.34
7.59
7.75
5.17
6.2
9.26
7.3
8.28
5.98
12.11
7.78
6.11
6.96
10.52
8.73
6.26
5.98
8.79
7.54
6.06
6.51
5.7
10.12
7.29
6.92
6.14
6.95
6.93
5.65
5.04
7.39
6.14
5.89
5.26
9.63
7.61
10.0
7.54
7.06
8.04
5.21
5.17
9.48
7.38
6.62
5.81
6.39
7.49
6.86
9.39
5.88
6.97
9.16
9.32
6.05
6.96
10.05
8.78
7.05
6.89
7.59
7.59
5.4
6.42
11.66
8.31
7.63
6.65
6.47
5.75
5.56
7.5
5.55
10.45
8.16
7.84
14.6
7.21
8.63
7.69
9.94
8.2
8.88
6.29
10.35
9.46
10.1
8.23
10.41
6.83
10.71
10.71
6.0
8.37
5.36
5.22
5.22
7.55
6.1
8.38
5.56
5.87
6.91
12.59
8.52
9.22
7.58
11.16
11.16
6.27
5.98
7.85
5.96
6.45
15.75
7.57
6.5
6.59
9.06
8.04
5.21
6.0
5.99
6.49
6.59
6.42
5.92
5.21
4.87
7.14
10.25
7.78
7.78
9.58
5.83
5.5
10.51
8.09
6.29
5.99
5.95
11.08
17.57
7.35
13.47
17.06
6.33
7.93
6.62
6.48
7.81
3.78
7.76
7.76
9.75
5.26
5.35
10.99
7.46
8.71
9.77
7.82
5.99
7.95
6.68
6.77
9.97
6.41
7.86
7.88
5.91
7.73
7.09
10.74
6.77
6.11
5.59
5.91
5.81
5.87
6.46
11.49
7.23
9.33
4.83
9.88
7.85
10.87
5.06
6.91
8.8
10.85
4.8
6.76
6.98
7.54
6.22
10.01
13.85
7.12
6.84
8.04
8.04
8.03
8.17
6.29
6.32
6.53
8.52
8.5
6.06
8.61
5.87
6.93
6.89
5.37
6.73
5.56
7.42
7.55
6.14
6.59
7.41
8.46
6.66
7.42
7.1
6.28
5.99
6.2
8.09
6.98
6.98
10.1
9.83
11.2
6.52
6.59
6.08
10.86
7.03
7.49
11.8
15.24
6.47
10.54
8.81
6.32
14.93
9.2
6.35
5.42
4.65
8.69
5.95
8.57
11.32
5.14
5.14
7.29
6.2
4.98
6.58
7.92
9.34
7.68
5.06
8.6
7.8
11.17
7.5
7.39
8.07
7.5
8.27
8.04
5.81
8.08
5.08
5.5
5.76
7.81
11.77
7.82
7.47
9.01
8.56
7.92
7.81
5.91
5.35
11.58
5.35
5.73
5.73
8.09
5.9
9.34
8.11
6.32
5.48
5.5
9.29
6.48
7.76
6.77
6.39
7.89
7.78
5.65
6.27
6.6
6.02
12.4
6.4
7.68
8.89
5.48
8.07
6.26
6.27
4.52
8.18
4.73
9.22
15.38
6.4
6.5
5.91
7.06
7.37
6.47
6.18
5.65
9.69
7.19
6.81
8.6
7.49
5.91
9.13
9.0
5.65
5.76
5.63
4.58
6.4
5.91
8.58
6.87
7.71
7.92
6.75
6.73
5.66
6.75
8.54
5.8
6.39
6.76
7.17
10.63
6.07
8.9
6.8
10.44
8.11
6.22
8.0
6.57
7.27
7.35
11.53
5.91
8.17
5.89
7.51
5.32
6.53
5.75
6.82
4.79
4.7
6.76
7.05
5.37
5.91
10.42
10.08
7.94
7.99
7.34
8.13
3.88
5.94
7.13
4.3
5.59
7.84
7.54
6.87
6.1
6.47
6.47
5.94
5.21
7.68
8.35
6.86
9.49
6.31
13.88
9.34
9.34
11.03
7.96
6.58
5.89
7.03
7.93
7.99
8.71
6.14
11.82
5.45
5.32
6.51
6.42
7.48
6.55
5.76
9.15
6.92
10.81
10.83
10.72
11.61
15.54
10.15
7.07
7.07
13.25
6.7
6.14
7.71
9.32
6.96
9.29
5.61
6.14
6.8
5.35
5.14
6.98
8.7
6.7
7.06
10.57
4.89
13.55
6.52
13.81
13.8
5.48
10.76
5.58
7.04
7.0
4.5
6.11
8.5
6.77
6.57
8.01
8.5
6.3
4.73
14.41
7.87
6.41
6.17
8.11
11.65
6.84
6.88
7.77
8.67
8.08
9.69
11.46
5.17
7.69
8.03
7.66
7.62
10.2
4.41
10.98
10.98
9.66
7.39
7.57
10.33
10.3
9.1
5.06
5.36
11.66
11.52
8.31
5.09
5.45
7.19
5.91
7.13
6.52
9.0
4.75
5.42
4.88
4.93
9.26
9.13
7.56
9.37
12.84
10.5
6.98
5.63
6.66
8.1
7.29
10.46
10.34
5.32
5.7
8.16
7.03
5.8
6.41
7.18
7.67
7.91
6.14
10.23
10.25
8.6
5.32
8.45
9.36
10.51
6.35
12.13
10.25
5.07
9.66
8.67
9.48
6.76
5.07
8.09
6.84
7.23
7.84
5.8
7.14
11.82
8.88
5.29
5.91
8.81
5.59
9.77
8.83
9.01
5.21
8.32
7.73
10.91
7.59
5.8
7.74
11.03
6.0
5.29
7.08
10.67
6.39
7.86
8.03
8.19
6.84
7.04
7.96
7.01
10.5
7.29
12.35
5.22
9.6
6.37
6.22
6.73
7.32
7.9
6.29
9.29
8.1
6.55
9.67
9.66
5.98
5.65
6.79
6.55
7.29
7.66
6.58
6.35
6.45
6.43
9.41
7.6
7.72
6.39
6.39
5.65
6.62
5.85
6.29
6.54
10.2
6.72
5.65
5.59
10.88
8.79
7.75
6.6
6.79
6.79
5.48
10.95
6.57
9.88
7.0
9.14
8.68
5.17
10.12
7.17
6.67
6.29
8.08
9.32
8.27
7.25
6.32
7.1
11.61
5.7
6.05
6.56
6.56
6.63
8.5
6.89
13.96
6.32
5.4
6.56
8.76
6.99
4.66
6.39
13.0
6.92
7.06
6.73
3.93
7.1
12.87
10.18
6.68
8.59
8.65
8.52
9.75
7.01
6.95
5.73
7.88
11.79
12.62
12.62
7.21
11.0
11.21
5.37
7.29
10.64
8.41
5.85
10.41
5.73
5.14
6.5
5.58
7.14
6.22
11.85
6.57
7.54
9.01
5.27
7.58
8.24
9.99
5.09
5.71
6.49
7.61
6.95
6.8
12.37
8.58
8.24
5.21
8.29
5.56
7.2
5.69
7.56
9.2
7.37
11.59
5.98
10.12
7.83
10.12
7.81
7.41
6.94
5.0
8.59
9.11
12.1
8.7
7.46
7.31
6.39
7.74
7.0
8.07
6.42
6.03
4.37
5.61
10.78
8.78
6.28
10.23
10.1
7.8
7.41
6.42
5.59
5.47
6.82
5.54
6.91
7.57
5.63
6.5
7.39
8.59
8.63
10.06
9.43
6.76
5.59
7.14
8.15
6.78
5.42
5.41
7.54
5.89
10.03
6.91
6.17
6.94
7.05
5.55
5.54
7.2
5.42
6.85
7.54
5.63
5.02
7.77
6.37
7.54
9.56
6.91
10.63
6.27
8.83
6.23
6.93
7.35
6.83
6.56
6.6
6.8
9.36
4.92
17.25
12.8
14.58
14.51
13.43
15.54
7.89
9.48
7.36
6.6
7.41
6.41
6.96
7.15
7.18
7.5
7.58
8.97
12.44
10.56
5.73
7.07
6.87
4.76
10.82
6.36
6.03
4.75
7.72
6.14
3.92
6.85
6.14
6.32
6.69
8.45
8.44
5.59
10.53
7.88
7.42
7.57
9.22
9.3
7.44
7.84
8.5
8.56
7.82
5.83
6.14
11.25
5.48
10.22
13.32
8.63
9.62
13.86
8.94
7.85
5.22
10.91
8.19
7.63
8.62
7.68
4.24
13.41
13.41
11.31
16.84
4.91
5.66
10.14
7.03
8.6
7.66
6.75
7.17
7.81
6.65
7.29
7.02
13.1
8.15
7.17
7.96
6.5
6.56
6.07
5.83
7.65
6.5
6.59
6.59
7.76
5.81
8.9
6.7
6.21
5.56
5.31
6.14
4.32
5.56
5.54
5.7
5.11
5.8
4.47
6.65
5.73
6.41
6.44
7.62
7.62
5.8
5.26
7.51
5.26
6.02
5.91
6.18
7.49
5.58
8.09
5.83
7.44
9.88
5.27
10.46
9.4
6.22
11.39
7.5
4.35
7.48
7.48
7.06
6.8
7.8
5.89
6.33
6.33
7.67
7.64
4.75
7.28
8.15
12.47
12.82
7.39
5.8
6.33
12.42
11.69
9.92
9.32
6.93
8.69
8.38
4.7
11.2
10.26
4.59
7.7
7.75
8.1
6.8
5.56
6.88
9.9
7.54
6.27
6.7
6.21
5.95
8.52
10.35
8.45
7.32
6.7
5.6
7.66
6.26
6.47
7.17
8.21
5.98
13.59
12.72
7.29
6.11
8.63
5.83
6.74
7.41
6.46
8.87
7.72
7.72
6.58
7.59
7.49
5.49
7.54
9.71
6.33
9.2
7.14
7.28
7.28
8.7
8.62
7.29
4.81
7.62
5.65
5.77
6.62
8.38
7.74
7.14
6.5
7.46
5.91
5.93
7.06
7.63
3.92
5.77
5.58
6.27
11.12
5.84
8.0
8.38
8.18
6.75
5.48
6.31
8.86
7.13
5.26
6.59
8.58
9.24
7.11
8.1
7.29
9.5
5.21
10.5
10.66
7.5
6.82
4.65
11.56
10.38
12.89
5.43
5.0
6.91
8.51
6.58
6.07
3.7
8.86
7.6
7.75
6.1
6.46
6.58
5.7
9.1
9.54
9.1
9.1
9.56
10.67
8.87
5.56
6.5
6.24
5.79
6.8
9.89
10.13
6.0
7.85
7.45
6.19
8.01
5.95
6.65
6.4
6.76
8.69
5.75
5.75
7.17
5.86
7.68
6.5
7.77
7.75
12.14
12.14
11.21
8.38
7.53
8.4
7.05
9.46
9.04
9.19
5.79
11.23
11.26
7.63
8.21
6.78
10.57
6.71
7.69
9.3
6.57
7.05
8.13
5.73
6.2
12.22
9.21
5.76
9.53
5.56
8.34
5.45
5.91
4.73
6.6
7.54
6.26
6.4
8.17
5.22
6.62
6.24
7.72
7.72
10.47
10.08
5.02
7.75
6.78
6.73
5.59
7.19
11.01
11.01
10.76
5.65
5.89
9.29
5.81
6.31
6.29
10.1
8.12
9.43
6.45
14.74
5.41
6.76
6.26
6.7
6.99
6.03
4.76
7.25
6.22
7.25
4.58
5.8
5.8
6.21
8.7
9.72
6.39
9.27
9.85
8.44
9.81
11.37
5.47
7.15
7.15
8.22
7.84
6.53
6.36
8.34
9.1
8.3
8.14
5.47
9.75
8.73
6.21
6.0
7.84
7.18
10.06
7.37
9.26
6.5
8.78
11.15
8.14
6.32
8.87
7.14
6.79
6.25
5.94
7.73
10.25
6.75
9.98
6.03
8.07
8.07
9.71
5.53
5.27
7.95
5.85
7.04
5.73
4.17
6.48
6.4
5.5
8.88
8.89
8.9
6.94
9.96
5.28
5.96
8.01
9.14
7.49
5.88
7.25
7.41
7.51
6.98
12.2
12.21
6.75
5.58
10.81
5.73
9.49
7.37
10.69
8.01
6.91
6.29
6.05
6.42
6.66
9.29
5.58
6.7
10.29
6.41
9.74
7.17
6.07
6.56
9.11
10.97
10.97
14.28
9.42
7.14
7.16
7.16
6.02
10.99
9.47
5.37
5.48
6.2
7.0
7.25
7.73
7.49
12.27
6.77
8.12
7.6
8.03
5.05
8.22
8.25
5.84
8.76
5.35
12.25
12.25
5.6
6.63
6.94
7.14
7.14
13.28
10.24
6.42
5.48
7.25
8.39
8.47
9.6
6.28
6.5
6.08
5.54
5.9
5.6
5.22
7.27
9.04
7.07
6.6
5.48
6.05
5.17
6.87
7.62
6.32
14.42
5.65
4.38
4.37
6.29
8.72
7.47
7.27
5.89
7.98
7.05
7.87
7.72
5.89
8.11
6.4
7.58
6.5
4.65
7.39
7.75
7.95
6.69
9.15
9.18
9.85
8.25
7.05
8.09
4.7
6.95
12.6
12.63
12.63
9.49
11.92
11.9
5.54
9.6
5.91
7.03
6.17
8.98
9.01
8.75
7.17
7.34
7.89
6.76
10.96
10.96
13.43
13.43
15.59
8.8
5.58
7.32
9.24
6.0
6.99
7.27
6.57
7.68
10.6
10.21
9.38
7.4
7.5
7.31
6.76
6.83
8.98
7.49
6.17
6.22
8.78
5.83
7.6
4.59
11.49
6.81
7.24
7.63
7.54
11.06
8.52
6.26
6.26
6.41
6.93
6.2
7.95
6.98
7.59
8.14
6.87
5.73
5.35
6.41
6.49
6.47
6.02
7.03
7.91
6.81
7.93
5.47
7.37
7.32
5.49
7.1
5.5
14.6
7.92
7.24
7.32
10.16
10.9
8.87
6.98
5.56
8.11
5.65
7.86
6.94
8.37
8.56
5.91
5.92
9.58
6.72
7.17
9.29
9.29
5.42
8.17
7.81
5.8
5.66
8.76
5.73
6.27
7.04
6.98
6.5
6.59
8.64
8.48
8.21
5.22
7.93
6.05
11.41
11.41
10.43
6.81
9.23
5.6
5.6
8.24
9.95
15.61
7.55
6.89
8.23
10.08
8.63
6.54
6.98
7.54
5.21
6.75
6.22
5.31
5.22
7.14
5.32
5.99
6.77
5.6
5.59
10.31
11.88
11.88
9.03
7.34
7.03
7.67
7.46
5.02
6.27
5.21
8.35
6.54
16.17
16.18
10.98
4.83
4.32
4.12
6.14
7.24
7.04
6.59
7.14
7.67
6.22
5.41
6.7
6.42
16.36
6.48
8.28
6.89
8.86
13.9
12.95
9.65
9.09
7.48
6.5
5.56
6.2
11.02
6.46
6.17
6.29
9.57
9.37
6.02
10.61
7.59
5.63
6.54
7.41
5.78
5.58
7.37
7.11
7.27
7.14
5.69
6.48
8.89
7.86
8.92
6.43
5.95
8.17
10.52
10.43
6.78
6.91
11.11
9.4
15.23
8.91
7.32
7.32
5.65
8.2
6.4
6.2
7.67
7.58
10.47
7.17
5.07
8.57
6.87
5.5
5.58
11.05
6.27
6.72
6.29
6.67
6.85
9.03
6.58
6.39
5.89
6.02
7.98
6.22
6.4
6.17
7.67
5.65
8.21
8.98
6.45
7.42
7.84
7.1
5.84
6.05
8.93
5.99
4.21
6.6
5.91
6.05
7.49
8.04
6.41
7.25
7.48
10.8
11.91
6.22
7.32
7.26
7.25
5.94
4.21
6.55
4.26
8.48
8.49
9.69
4.8
8.23
6.84
12.36
6.37
7.64
6.87
5.91
7.76
7.5
6.76
5.45
5.55
5.89
6.93
7.32
5.65
7.02
6.54
6.27
7.94
10.98
7.0
6.14
5.14
10.31
4.59
5.21
9.35
6.92
5.7
6.96
7.88
7.11
9.62
9.38
6.39
5.7
7.95
5.3
6.84
8.63
6.82
5.66
5.18
7.09
8.22
8.17
6.5
10.57
6.22
7.86
5.89
7.54
6.91
5.63
6.75
7.86
8.78
5.0
5.46
6.81
8.64
5.26
5.31
7.4
7.19
5.14
7.23
9.69
11.92
8.55
7.29
9.34
8.68
6.68
6.11
6.22
7.13
7.13
5.7
5.81
8.18
6.86
4.99
6.74
6.53
8.37
4.45
11.24
11.22
10.14
7.21
7.1
8.38
8.17
8.1
8.38
6.02
7.07
5.59
7.45
6.67
8.39
8.92
9.74
6.49
3.78
9.33
11.22
6.65
6.69
6.34
4.8
10.52
8.51
5.8
4.83
4.45
6.84
6.39
5.7
6.22
3.94
7.34
8.82
6.35
6.73
6.54
7.96
7.94
9.11
7.42
6.05
6.46
7.76
7.21
6.63
7.7
6.17
7.07
10.62
6.54
8.82
7.32
6.4
12.63
7.59
7.49
6.69
8.51
8.51
9.03
5.47
5.76
7.77
5.73
7.01
5.56
6.1
12.85
13.63
6.68
6.26
7.58
9.08
9.85
7.05
5.93
8.39
8.33
6.92
6.17
6.62
7.4
7.54
7.06
8.54
7.52
7.29
10.09
6.21
6.08
8.4
6.22
5.17
7.59
4.5
5.71
12.81
5.22
6.46
10.85
9.09
9.96
5.71
3.56
8.98
6.37
5.81
7.2
10.24
6.78
6.8
7.17
7.1
8.23
5.85
5.6
5.56
8.65
5.93
6.29
7.59
10.18
9.76
10.59
7.9
6.73
6.42
7.78
8.2
7.14
6.02
8.19
5.32
6.79
9.03
6.58
7.07
6.65
10.6
10.6
14.55
9.85
5.33
9.22
5.33
8.71
6.42
6.29
5.91
7.91
7.37
7.4
4.89
5.73
6.54
9.45
6.05
6.0
6.43
5.97
7.02
8.51
9.22
5.27
5.93
7.54
11.91
4.58
5.9
7.3
6.48
10.5
8.12
7.39
5.98
14.78
14.36
4.98
5.76
9.15
10.33
10.34
8.48
5.17
8.09
6.7
6.14
8.1
9.26
7.23
4.77
4.87
6.76
6.37
8.22
5.8
6.22
6.05
7.36
4.92
9.11
5.92
7.76
6.84
5.88
5.21
7.94
6.45
5.41
6.5
6.48
5.7
6.69
5.78
6.96
8.28
8.27
10.37
10.36
8.29
5.68
7.63
4.58
11.17
7.44
8.49
9.58
6.24
10.58
6.35
5.8
7.23
6.26
6.14
7.22
6.6
6.75
5.88
6.76
7.07
9.62
8.36
7.37
7.04
8.18
9.87
5.17
6.54
7.23
5.22
6.17
6.65
10.87
8.85
5.55
5.65
10.81
10.03
9.24
7.14
5.65
7.92
6.7
12.48
8.96
10.44
13.3
13.31
11.47
8.48
8.52
7.8
8.15
16.6
6.98
5.21
7.25
5.33
8.8
8.73
11.06
11.04
11.04
7.92
7.05
6.4
5.47
8.08
4.59
4.25
6.56
9.55
6.69
6.72
6.14
9.84
6.85
6.29
6.4
6.14
10.3
5.47
6.37
7.29
7.46
6.7
6.83
5.43
8.41
5.89
7.57
7.07
6.29
10.6
6.48
6.45
7.95
12.3
5.95
7.84
5.92
4.07
4.85
7.34
6.42
6.05
5.56
6.42
6.34
7.54
5.75
6.93
10.69
7.06
7.76
12.23
8.84
7.59
5.72
5.72
7.9
5.99
9.34
8.33
8.38
5.73
6.59
10.22
7.5
7.22
7.39
8.33
6.05
5.59
9.19
5.99
6.72
6.49
6.49
5.92
5.92
6.24
7.8
7.75
9.08
6.37
5.88
6.17
8.49
7.7
7.7
10.99
8.27
6.62
6.62
10.37
7.19
6.59
5.58
5.64
10.13
10.13
8.32
7.87
6.17
6.17
8.01
14.49
5.34
7.5
3.7
8.15
7.78
4.93
7.82
9.81
12.22
8.01
7.39
5.73
6.66
6.81
8.99
7.5
6.59
6.74
5.87
5.37
6.5
6.38
13.12
16.25
14.82
11.35
7.22
7.11
7.31
9.31
9.27
10.33
5.85
5.93
6.72
4.22
6.45
4.99
7.54
6.12
6.02
9.26
6.07
5.59
15.24
8.37
6.17
6.59
7.5
5.65
6.7
4.77
6.59
8.1
6.42
7.93
6.46
4.59
11.76
7.68
6.39
6.26
6.84
4.73
7.31
16.58
6.4
7.39
7.63
6.7
5.93
6.63
4.56
7.11
7.92
6.75
7.54
6.32
5.54
10.11
8.86
6.54
6.34
7.24
5.87
8.17
8.17
7.56
11.87
8.05
12.86
7.51
7.93
10.31
5.17
11.79
7.05
6.51
6.81
7.84
6.65
5.93
6.85
6.41
7.97
7.98
8.05
5.75
7.31
7.26
5.8
5.86
7.54
6.81
5.94
6.84
8.35
7.47
7.32
7.34
5.07
5.68
10.13
5.96
5.05
5.41
12.69
15.7
15.16
14.91
8.64
6.76
5.91
7.69
10.0
5.8
7.68
5.21
15.12
10.73
10.69
8.39
8.46
5.41
6.05
10.28
7.63
7.97
9.68
9.96
8.36
12.84
7.89
5.74
4.91
6.31
5.48
6.7
5.14
9.14
5.59
7.43
8.08
5.76
7.52
8.83
6.4
6.14
5.11
6.69
11.14
8.16
6.58
5.8
10.34
9.86
6.49
7.24
5.83
5.83
6.0
10.48
6.17
7.11
6.27
8.46
8.56
4.35
8.7
8.72
7.65
6.72
8.66
4.89
5.88
4.84
6.12
4.77
9.32
10.51
6.22
6.92
6.84
6.22
10.15
7.6
6.31
5.38
10.54
10.53
4.46
7.34
5.64
5.44
6.29
7.5
6.7
6.46
8.03
6.08
5.73
5.58
7.7
5.81
6.41
5.0
5.26
9.91
9.29
8.2
6.2
5.8
5.8
7.26
5.8
7.21
10.3
6.0
5.66
5.1
6.42
9.22
9.13
5.37
6.79
6.88
8.58
6.18
6.8
6.34
5.07
9.08
7.82
5.17
6.94
7.16
7.84
7.86
7.05
7.18
8.57
12.36
6.13
7.87
6.14
6.77
6.2
7.13
5.56
4.97
4.97
6.95
5.95
10.09
10.09
7.18
7.27
9.2
9.31
10.58
7.74
9.86
6.02
8.22
8.22
11.13
6.81
5.65
6.47
7.8
7.11
10.94
6.54
7.29
7.84
6.08
7.9
7.9
7.66
6.11
5.76
13.43
15.66
13.82
9.02
5.11
5.7
6.59
7.54
9.96
9.23
6.45
7.79
5.99
10.38
6.17
8.48
9.33
7.17
7.17
7.69
7.69
8.4
8.87
5.32
6.59
10.02
6.77
6.01
5.48
12.48
8.49
5.8
15.57
6.92
10.65
5.59
10.74
6.17
5.88
6.87
7.86
9.65
5.58
7.03
8.2
8.19
6.87
7.22
14.52
5.33
6.71
6.66
10.87
10.73
7.97
7.65
9.45
6.93
6.41
7.94
7.94
6.22
6.22
7.17
6.45
6.7
6.5
6.45
7.54
5.99
5.73
5.59
9.54
5.93
5.14
6.39
6.76
7.37
9.84
5.93
6.05
5.21
6.02
9.33
5.91
6.11
8.83
7.5
8.98
11.0
5.28
7.73
9.58
8.59
8.54
6.42
7.2
7.88
6.52
9.37
9.37
7.89
5.06
6.46
6.47
7.43
11.9
9.14
5.65
5.91
6.06
7.29
11.59
11.16
7.68
6.06
6.94
7.62
8.18
8.76
4.56
7.54
6.5
6.39
5.32
5.88
5.66
8.71
6.11
6.23
6.42
5.48
7.24
9.27
6.65
7.77
6.3
5.8
5.73
6.65
8.33
8.46
8.2
6.79
4.56
6.4
7.32
6.17
5.36
7.13
8.49
6.42
7.5
8.27
5.22
6.33
6.69
9.03
13.97
10.94
5.37
8.71
8.28
8.28
9.92
8.54
9.9
7.55
6.42
12.24
4.22
6.42
8.4
9.87
8.76
9.4
7.76
6.11
7.36
10.25
12.23
6.33
9.72
6.41
9.11
9.52
7.76
5.73
5.73
6.56
7.03
8.64
14.09
7.38
7.38
9.22
7.67
8.15
12.25
6.0
6.25
8.14
8.19
7.69
7.86
5.22
7.09
6.71
6.38
11.16
11.16
7.67
9.23
12.09
7.82
5.65
7.24
12.0
6.58
6.14
5.8
6.0
10.22
3.89
14.65
6.17
7.52
5.3
9.13
10.8
10.8
6.27
9.26
8.38
7.48
5.33
6.1
5.35
7.92
8.06
9.11
13.63
6.47
8.94
6.1
6.62
9.4
9.11
10.89
10.85
7.66
4.92
7.27
6.07
7.58
6.97
6.48
6.47
6.29
6.06
5.35
5.14
7.14
7.23
7.51
5.02
6.11
6.35
8.34
5.42
7.38
7.4
6.17
6.21
7.72
10.57
7.72
7.02
4.87
6.29
5.01
7.7
6.35
5.33
6.51
6.0
7.23
6.19
7.54
7.63
9.07
6.84
6.99
5.56
10.12
10.62
6.6
10.34
8.03
5.92
6.62
6.62
6.4
6.5
7.46
9.41
6.97
8.95
5.21
9.58
6.17
6.5
5.41
8.58
5.5
10.94
10.94
7.5
7.12
6.95
9.94
9.94
5.59
8.89
8.9
9.58
9.16
7.18
10.84
4.88
7.72
7.18
7.24
5.91
10.05
10.02
6.48
6.94
5.14
5.1
6.56
6.76
5.87
5.8
4.78
8.25
6.27
7.53
9.84
11.71
8.57
7.36
10.64
6.42
13.39
5.84
7.19
7.2
6.4
13.64
8.0
9.51
8.21
8.25
8.83
7.91
4.22
7.49
6.0
5.88
7.5
6.14
6.1
6.02
9.4
5.97
5.87
7.15
10.25
10.35
15.39
14.47
14.47
15.94
12.42
11.47
12.33
9.21
11.88
6.0
7.82
7.96
4.93
13.56
4.17
10.55
5.44
7.21
9.73
6.59
7.4
6.65
5.48
7.95
5.99
6.32
6.77
4.89
5.65
7.71
6.54
6.2
6.2
6.95
5.14
6.91
5.4
6.26
10.03
8.39
7.11
6.05
16.58
11.57
5.58
6.87
6.08
5.0
6.54
6.22
19.65
5.59
8.25
8.78
7.84
11.96
6.57
8.59
7.61
6.92
6.62
7.23
8.3
5.22
5.48
7.0
8.69
8.7
8.08
7.43
7.59
14.62
6.65
7.08
10.77
9.28
5.14
7.54
6.37
4.23
8.04
7.5
6.99
7.91
5.35
8.06
12.06
12.06
14.88
7.26
7.26
13.48
6.79
13.1
7.14
15.54
17.0
9.63
7.18
6.63
6.24
6.37
6.21
7.4
12.84
12.84
9.52
9.28
7.4
11.35
7.73
5.27
8.46
7.73
6.91
6.45
5.7
5.42
12.08
9.11
6.06
6.0
4.7
7.13
5.98
9.06
8.73
8.01
7.99
8.24
10.39
7.68
5.45
3.56
9.61
6.58
5.21
5.7
9.53
14.74
7.63
10.79
8.08
6.2
6.29
5.74
5.54
6.4
9.73
5.7
9.07
4.74
5.97
8.17
8.64
5.02
7.98
6.51
6.51
7.08
5.22
6.97
5.52
6.97
6.26
6.98
5.96
7.76
6.81
5.22
6.42
8.22
8.22
12.65
10.38
4.66
6.33
7.43
8.73
7.66
5.21
6.17
6.48
9.44
6.73
5.65
6.67
6.58
6.14
9.13
6.08
11.02
7.17
13.17
9.23
9.09
7.63
9.13
10.61
10.94
6.95
8.59
7.34
9.88
6.63
6.67
10.71
11.27
5.91
6.21
8.06
6.63
8.59
7.0
4.21
15.33
15.33
5.66
4.89
8.25
7.28
7.0
6.22
7.0
8.2
8.2
9.13
9.06
7.63
6.05
5.92
7.47
6.63
7.99
7.85
11.68
7.21
7.58
6.84
10.58
7.76
5.42
5.41
5.65
5.59
5.83
6.55
10.71
7.04
12.7
8.73
8.42
5.0
7.17
9.18
5.21
6.99
6.99
6.84
7.08
5.7
8.62
13.86
13.85
8.78
8.7
5.6
8.74
6.46
9.78
7.4
6.27
9.49
11.5
11.5
7.05
6.02
6.59
6.59
8.77
6.91
7.73
4.26
9.14
9.31
10.79
7.91
5.32
5.59
6.28
7.04
8.6
6.42
6.33
5.2
8.53
8.53
6.54
4.33
10.22
7.51
7.51
5.73
4.22
7.11
7.13
4.8
5.27
6.81
12.06
8.84
5.59
6.4
5.73
7.84
6.87
8.05
7.71
8.11
5.53
7.48
6.65
7.51
9.21
6.06
5.99
5.83
8.87
7.29
4.5
11.83
5.73
6.77
5.58
5.41
5.8
6.26
5.66
8.65
6.17
7.05
5.66
7.97
6.39
6.35
9.01
9.08
10.32
6.81
7.05
13.2
13.23
4.98
9.77
9.74
4.8
5.14
7.2
6.94
10.86
6.27
6.14
4.8
6.9
7.26
7.26
6.0
8.78
6.47
5.99
6.54
5.07
7.73
8.57
12.89
9.56
5.22
4.55
6.03
6.6
6.21
6.33
6.43
7.51
6.49
6.49
4.59
8.48
6.23
5.8
6.81
7.51
5.87
10.85
5.17
6.11
8.05
8.55
8.56
6.22
10.68
6.15
7.2
7.67
7.85
6.81
7.32
10.68
7.06
7.01
4.83
5.99
6.59
8.91
9.81
6.17
6.36
6.5
6.14
11.22
6.59
8.54
8.59
5.56
5.8
7.12
5.54
6.92
6.39
6.21
7.45
7.5
6.79
8.01
4.55
4.48
8.31
5.45
8.95
7.84
12.09
7.2
5.02
7.14
9.49
9.48
7.54
12.07
9.9
8.8
6.5
6.98
14.92
14.91
5.14
6.36
11.25
11.25
6.33
8.85
6.5
5.14
7.01
8.4
8.4
9.03
8.32
11.97
8.47
4.58
6.84
10.42
4.17
4.89
6.19
5.92
8.76
8.98
7.1
13.78
7.33
9.59
7.23
7.33
18.57
12.01
5.89
8.13
5.46
10.75
9.52
9.89
15.68
7.16
9.73
5.33
8.34
6.8
6.94
11.68
11.52
5.65
10.44
6.06
8.08
6.37
6.66
6.29
4.15
6.12
6.56
9.82
9.09
6.62
10.99
9.25
4.89
5.26
6.26
6.2
8.6
14.82
5.6
14.46
14.48
5.9
5.9
6.76
9.62
6.14
8.82
7.4
9.71
8.14
6.91
5.35
10.39
7.78
6.58
6.42
11.72
8.3
11.84
14.39
11.02
6.29
5.6
5.65
7.43
9.76
5.81
11.43
11.96
8.04
6.37
7.61
8.55
9.31
7.39
9.8
7.47
8.51
7.17
9.23
6.74
7.98
10.01
6.42
5.8
6.85
7.63
7.73
6.14
7.08
6.97
7.4
6.17
6.17
5.81
4.53
5.58
6.28
5.25
7.78
6.1
5.75
6.37
7.14
3.12
6.81
5.83
7.1
5.6
5.22
6.02
5.69
5.84
6.14
12.51
7.84
5.59
5.61
5.44
8.31
9.22
6.85
6.48
5.92
12.79
5.73
11.62
6.91
7.78
7.84
5.29
11.98
12.41
5.7
8.74
6.08
4.8
5.82
7.14
6.66
6.11
11.09
9.03
9.26
10.74
9.35
5.76
8.59
11.12
7.33
7.01
5.91
6.58
13.31
12.07
12.13
7.32
15.43
11.68
8.02
9.62
5.66
7.02
8.95
6.8
9.88
9.99
8.11
7.54
8.02
7.45
9.06
6.1
4.92
6.41
7.32
8.11
7.72
7.25
6.3
6.08
10.95
10.6
7.87
5.91
11.3
8.52
7.75
6.73
5.51
9.36
7.79
5.65
6.82
6.17
8.65
7.45
6.65
7.46
9.06
8.17
7.37
7.48
8.31
5.13
10.91
6.14
7.06
7.54
5.31
7.3
7.1
6.19
6.42
10.04
6.76
8.21
5.22
8.89
8.05
7.6
7.47
10.6
4.92
5.58
5.67
7.95
13.46
6.29
9.63
6.1
7.96
6.32
6.52
8.89
5.88
5.65
8.08
11.28
7.98
7.14
6.56
5.76
5.95
5.62
7.31
9.67
5.46
6.94
7.49
5.8
5.27
6.51
6.49
4.83
6.91
10.04
9.38
6.53
9.94
7.47
7.78
6.21
6.46
8.47
9.53
5.07
7.76
5.91
6.21
6.21
7.56
6.66
7.47
5.35
11.02
7.93
6.86
5.48
8.07
8.79
10.06
9.18
9.45
6.84
7.29
6.8
5.93
7.71
7.83
8.33
5.59
5.07
7.12
6.76
4.44
6.48
7.73
7.8
9.89
5.29
6.3
5.45
9.58
6.84
6.35
8.34
6.35
5.81
5.75
7.96
5.27
14.32
8.76
5.69
6.4
7.16
5.54
8.27
8.84
6.16
7.93
7.93
8.34
6.5
6.57
7.68
7.03
5.62
6.11
12.44
5.27
6.18
5.78
4.91
4.78
6.59
11.68
6.84
6.93
6.69
6.08
5.6
5.6
9.88
6.84
11.49
5.92
8.32
5.77
11.02
10.98
7.11
6.26
5.17
6.91
6.65
7.05
9.79
7.18
5.17
8.24
9.69
7.19
9.16
5.59
7.4
5.08
6.68
7.25
6.6
7.23
8.42
7.17
6.42
6.5
6.59
6.07
5.8
7.83
5.47
5.66
5.73
6.41
6.91
6.31
9.9
9.76
10.33
6.5
6.5
6.0
7.3
9.79
5.17
10.52
5.57
6.01
7.01
10.98
6.92
5.93
6.47
5.82
5.91
7.89
6.29
6.55
6.29
6.27
5.66
7.75
7.77
6.74
6.86
9.59
7.96
7.14
6.17
6.65
6.8
10.41
10.15
6.65
6.68
7.97
6.56
5.95
6.19
7.05
6.62
14.35
7.03
6.4
6.02
6.29
6.29
7.92
8.03
7.1
6.26
6.59
9.96
8.87
3.99
6.8
14.97
6.76
5.48
7.17
4.02
5.8
7.91
6.72
6.62
4.3
5.87
6.35
10.74
4.14
5.31
5.31
9.95
8.93
5.93
6.4
6.33
5.87
7.37
8.61
8.17
6.85
4.95
6.05
6.05
7.73
8.54
8.63
5.47
5.59
10.17
10.52
6.05
8.59
7.4
7.14
6.35
8.3
7.05
8.58
7.65
7.65
11.57
6.07
6.89
6.45
6.9
6.14
6.22
5.14
6.59
9.5
5.5
6.58
14.25
7.8
9.37
8.0
5.14
5.66
10.55
8.41
7.93
5.82
7.65
7.96
6.95
7.24
5.94
7.17
7.05
7.05
6.56
5.86
6.71
9.89
9.89
7.5
9.63
7.88
5.65
6.17
11.34
11.24
6.17
8.19
6.7
6.0
5.4
8.41
6.94
6.65
5.61
5.47
8.1
7.17
6.81
6.84
14.25
8.52
7.84
5.45
7.55
8.25
7.77
4.88
10.22
7.1
6.5
6.09
6.47
7.58
5.17
7.95
6.89
8.74
8.68
6.7
8.12
5.91
5.75
11.41
8.34
7.51
6.53
6.54
9.15
9.15
7.48
6.02
8.09
6.58
6.56
12.35
8.09
7.74
7.03
7.83
7.69
5.66
4.63
8.37
6.56
7.2
6.2
6.08
7.11
6.06
6.84
8.23
8.39
7.58
7.1
8.1
11.29
5.7
5.47
7.2
6.88
9.62
7.96
8.25
9.71
9.71
5.63
6.73
6.47
11.17
11.18
7.78
5.48
5.93
9.81
9.38
6.54
6.58
6.22
10.53
6.55
7.07
6.07
8.41
8.32
8.35
5.65
4.73
5.46
14.8
14.78
13.86
13.79
7.69
6.41
5.47
5.8
6.05
8.12
10.91
11.06
5.73
5.98
8.55
5.89
5.91
5.54
6.91
12.17
9.7
5.33
5.83
8.83
5.91
5.69
6.62
6.37
7.53
6.03
7.61
6.68
6.58
8.69
7.26
8.4
7.42
6.42
5.65
7.06
8.62
9.55
6.45
9.57
9.12
5.48
7.31
9.11
6.77
10.7
6.75
5.98
9.49
7.35
9.38
7.86
9.4
6.02
5.96
9.4
10.39
10.39
4.83
5.88
6.14
6.39
6.46
5.85
10.44
7.31
6.87
5.8
7.46
6.42
6.24
14.59
7.54
9.32
7.71
5.81
4.89
7.62
5.47
6.0
9.01
11.14
7.94
6.25
12.34
8.22
10.58
11.75
5.78
5.74
9.11
